#{"t_start": 1724246303.762137, "env_id": "PhyRMSA-v0"}
r,l,t,episode_service_blocking_rate,service_blocking_rate,episode_bit_rate_blocking_rate,number_cuts_total,rss_total_metric,C_BVTs,L_BVTs,S_BVTs,total_path_length,num_moves,num_defrag_cycle,avrage_gsnr,average_mod_level,average_path_index,path_index,physical_paths
199.0,199,20.639044,0.0,0.0,0.0,2.003731343283582,0.9261161564738092,0.93,0.0,0.0,518.6210526315789,0,0,23.373709580923073,5.968421052631579,1.8578947368421053,353,189
199.0,199,38.205818,0.0,0.0,0.0,2.7425373134328357,0.8833518108171914,0.8421052631578947,0.0,0.0,539.2573099415205,0,0,23.131952128961668,5.964912280701754,1.8654970760233918,319,170
199.0,199,54.578206,0.0,0.0,0.0,3.2276119402985075,0.8565953324930803,0.8076923076923077,0.0,0.0,480.48809523809524,0,0,23.408145070722,5.964285714285714,1.8452380952380953,310,167
199.0,199,69.256808,0.0,0.0,0.0,3.8097014925373136,0.8252482424522772,0.7327478042659975,0.018820577164366373,0.0,488.9281045751634,0,0,23.468656073768514,5.96078431372549,1.7450980392156863,267,152
199.0,199,82.403463,0.0,0.0,0.0,4.093283582089552,0.8069707283312001,0.6355421686746988,0.06526104417670683,0.0,491.05,0,0,23.346316044775325,5.957142857142857,1.7785714285714285,249,139
199.0,199,94.649315,0.0,0.0,0.0,4.5783582089552235,0.7789801290941861,0.5489539748953974,0.11631799163179916,0.0,536.0802919708029,0,0,23.04059825740691,5.956204379562044,1.9124087591240877,262,136
199.0,199,106.375703,0.0,0.0,0.0,5.0111940298507465,0.7570269969205984,0.4784791965566714,0.15351506456241032,0.0,510.08088235294116,0,0,23.09667658647598,5.955882352941177,1.7794117647058822,242,135
199.0,199,116.641264,0.0,0.0,0.0,5.347014925373134,0.7407141042999625,0.4256120527306968,0.1682360326428123,0.0,516.7083333333334,0,0,23.034404777040262,5.95,1.8333333333333333,220,119
199.0,199,126.444252,0.0,0.0,0.0,5.4888059701492535,0.7300591768672728,0.38950892857142855,0.16964285714285715,0.0,471.6637168141593,0,0,23.323798482699328,5.946902654867257,1.7699115044247788,200,112
199.0,199,136.429377,0.0,0.0,0.0,5.850746268656716,0.7136527286212055,0.3520843797086891,0.1772978402812657,0.0,525.8655462184873,0,0,22.963537694755107,5.949579831932773,1.8907563025210083,225,118
199.0,199,145.754872,0.0,0.0,0.0,6.082089552238806,0.7043598319462588,0.3228310502283105,0.17488584474885846,0.0,488.98198198198196,0,0,22.998225489686472,5.945945945945946,1.8108108108108107,201,110
199.0,199,154.481873,0.0,0.0,0.0,6.16044776119403,0.6968775607138485,0.29928840519045624,0.1728756802009209,0.0,489.4811320754717,0,0,23.102391675187185,5.943396226415095,1.7641509433962264,187,105
199.0,199,163.014118,0.0,0.0,0.0,6.358208955223881,0.6840275095343741,0.28013910355486865,0.16537867078825347,0.00811437403400309,483.5904761904762,0,0,22.797455102153165,5.942857142857143,1.638095238095238,172,104
199.0,199,171.508685,0.0,0.0,0.0,6.6716417910447765,0.669902302770607,0.26264800861141013,0.16002870470039468,0.015428776462145676,549.2429906542056,0,0,22.257557381817254,5.94392523364486,1.8130841121495327,194,106
199.0,199,180.019777,0.0,0.0,0.0,6.832089552238806,0.6602937190282628,0.24380442062960483,0.15438713998660417,0.022103148024112524,493.5700934579439,0,0,23.02392287753374,5.94392523364486,1.841121495327103,197,106
199.0,199,188.63844,0.0,0.0,0.0,7.022388059701493,0.6525335144090808,0.23108320251177394,0.1488226059654631,0.0282574568288854,463.60869565217394,0,0,22.989768707323364,5.947826086956522,1.8434782608695652,212,114
199.0,199,196.701579,0.0,0.0,0.0,7.347014925373134,0.6365449918563939,0.22104018912529552,0.14125295508274233,0.04018912529550828,482.0,0,0,22.499144296995222,5.927927927927928,1.7927927927927927,199,110
199.0,199,203.815316,0.0,0.0,0.0,7.365671641791045,0.6316935053930167,0.20625174434831148,0.1356405246999721,0.04437622104381803,488.5729166666667,0,0,22.65875343891218,5.896907216494846,1.8541666666666667,178,95
199.0,199,211.913393,0.0,0.0,0.0,7.552238805970149,0.6236105984865119,0.19645690111052352,0.12823902696985723,0.05050237969328398,488.3272727272727,0,0,22.735415668920087,5.918918918918919,1.7545454545454546,193,109
199.0,199,219.418787,0.0,0.0,0.0,7.5335820895522385,0.6240221819713521,0.18713890982165285,0.12333584526500879,0.05576488319517709,496.1078431372549,0,0,22.74268952086094,5.931372549019608,1.803921568627451,184,101
199.0,199,227.334311,0.0,0.0,0.0,7.481343283582089,0.6231413691996149,0.1791866028708134,0.11770334928229666,0.060526315789473685,493.6875,0,0,22.786678313724426,5.920353982300885,1.7857142857142858,200,111
199.0,199,235.038226,0.0,0.0,0.0,7.604477611940299,0.6141970394421538,0.17058689198447133,0.11715003425439598,0.06416990180406486,518.3243243243244,0,0,22.27546097010251,5.927927927927928,1.8738738738738738,208,110
199.0,199,242.272257,0.0,0.0,0.0,7.731343283582089,0.6028233858916415,0.16164263870685888,0.11118392311052862,0.06946264744429882,504.11764705882354,0,0,22.257239162643884,5.902912621359223,1.8627450980392157,190,101
199.0,199,249.495331,0.0,0.0,0.0,7.902985074626866,0.5927461845923213,0.15449026585723258,0.10864559346870421,0.07389575047100691,521.6355140186915,0,0,22.179871667824518,5.8807339449541285,1.7850467289719627,191,106
199.0,199,256.797428,0.0,0.0,0.0,8.164179104477611,0.5844454550680968,0.14790996784565916,0.10510450160771705,0.0789790996784566,495.929203539823,0,0,22.390503541131757,5.895652173913043,1.9734513274336283,223,112
199.0,199,264.207493,0.0,0.0,0.0,8.272388059701493,0.575736701453009,0.14241545893719806,0.10318840579710145,0.08347826086956522,474.0504201680672,0,0,22.50295641464623,5.8655462184873945,1.8739495798319328,223,118
199.0,199,271.357396,0.0,0.0,0.0,8.149253731343284,0.5772883218777835,0.13863044287309267,0.09992556754745069,0.08838853740230741,495.4824561403509,0,0,22.519559832840425,5.9298245614035086,1.8245614035087718,208,113
199.0,199,278.358841,0.0,0.0,0.0,8.436567164179104,0.5645202912291347,0.1327830611878701,0.09653687421496501,0.09330701596985466,488.6636363636364,0,0,22.212975790767548,5.850877192982456,1.7818181818181817,196,109
199.0,199,285.349239,0.0,0.0,0.0,8.425373134328359,0.5627238934492675,0.1294178794178794,0.09476784476784476,0.09424809424809424,494.651376146789,0,0,22.76474499048949,5.91743119266055,1.8073394495412844,197,108
199.0,199,291.628177,0.0,0.0,0.0,8.66044776119403,0.5468204022492279,0.1229274828336962,0.0916094456539943,0.09713615809747111,523.1632653061224,0,0,21.84374494224185,5.786407766990291,1.8877551020408163,185,97
199.0,199,298.7599,0.0,0.0,0.0,8.753731343283581,0.5366763679812966,0.11831442463533225,0.08881685575364667,0.1006482982171799,542.5,0,0,22.08925177731067,5.928571428571429,1.9553571428571428,219,111
199.0,199,305.099385,0.0,0.0,0.0,8.843283582089553,0.5344218628552845,0.1141466478254043,0.08572774375883184,0.10378395352488616,521.991304347826,0,0,22.05857138113177,5.905172413793103,2.008695652173913,231,114
199.0,199,311.664501,0.0,0.0,0.0,8.794776119402986,0.533077641884616,0.110231425091352,0.08160779537149818,0.10612058465286237,464.04672897196264,0,0,22.61382395945702,5.907407407407407,1.8224299065420562,195,106
199.0,199,318.156975,0.0,0.0,0.0,8.861940298507463,0.5353320283610542,0.10536426777006058,0.07920792079207921,0.10743313137283877,512.6796116504854,0,0,22.193883335473085,5.922330097087379,1.8058252427184467,186,102
199.0,199,324.484744,0.0,0.0,0.0,8.817164179104477,0.5384747916694602,0.10378983634797588,0.07637094458799885,0.10924490381854723,492.8363636363636,0,0,22.54932486042799,5.927927927927928,1.809090909090909,199,109
199.0,199,330.926229,0.0,0.0,0.0,8.787313432835822,0.5387460000571578,0.10006978367062107,0.0755059316120028,0.11179344033496162,495.10714285714283,0,0,22.20010833306376,5.910714285714286,1.8660714285714286,209,111
199.0,199,337.662974,0.0,0.0,0.0,8.865671641791044,0.5334070720844005,0.09885931558935361,0.07332971211298207,0.11366105377512221,460.3873873873874,0,0,22.48427867505298,5.868421052631579,1.7117117117117118,190,110
199.0,199,343.699526,0.0,0.0,0.0,8.824626865671641,0.533815094916414,0.09533253999735555,0.07140023800079334,0.11397593547534048,444.7040816326531,0,0,22.629306436703622,5.938775510204081,1.653061224489796,162,97
199.0,199,349.93285,0.0,0.0,0.0,8.843283582089553,0.5297762853259501,0.09211543416645195,0.07047152795671219,0.11491883535171347,485.7227722772277,0,0,22.52628396864636,5.901960784313726,1.6435643564356435,166,100
199.0,199,355.945087,0.0,0.0,0.0,8.985074626865671,0.5253070886325902,0.08956161286270568,0.06984047230247456,0.11506092199472429,493.4537037037037,0,0,22.39789815475348,5.863636363636363,1.8611111111111112,201,107
198.0,199,362.420933,0.005025125628140704,0.00012256403971074888,0.009104704097116844,8.992537313432836,0.521932382150404,0.08763328839318545,0.06851329819830862,0.11876455447971565,480.7217391304348,0,0,21.97225035158165,5.880341880341881,1.9130434782608696,220,114
196.0,199,368.643671,0.01507537688442211,0.0004785833931562575,0.02127659574468085,9.0,0.5241505423156416,0.08450029922202273,0.06606822262118492,0.12016756433273489,471.196261682243,0,0,22.460820976308305,5.91588785046729,1.9532710280373833,209,106
194.0,199,374.727342,0.02512562814070352,0.0010517704803085194,0.028679245283018868,9.003731343283581,0.519519214837987,0.08281670370803602,0.06456895543338402,0.1191952275119897,492.3269230769231,0,0,22.444070850942957,5.875,1.8942307692307692,197,103
192.0,199,380.848241,0.035175879396984924,0.001827318410232983,0.04130262112787927,8.951492537313433,0.5203584056779174,0.08191282461960873,0.06303626587346986,0.11817869808946345,485.6326530612245,0,0,22.768715086337938,5.91919191919192,1.7653061224489797,173,97
195.0,199,386.785805,0.020100502512562814,0.002233389168062535,0.023510971786833857,9.115671641791044,0.5161900312883493,0.0804610564010743,0.06054162936436885,0.11862130707251567,538.3592233009708,0,0,21.78042442080002,5.87378640776699,1.9514563106796117,201,102
192.0,199,392.98887,0.035175879396984924,0.00294953025999563,0.041920731707317076,9.037313432835822,0.5191731406546521,0.07865907099035933,0.060473269062226116,0.11875547765118318,507.81081081081084,0,0,22.27804809112106,5.910714285714286,1.9189189189189189,213,110
188.0,199,399.266177,0.05527638190954774,0.0040628675291350365,0.0668693009118541,9.17910447761194,0.5174313846710694,0.07782310004293688,0.05989695148132246,0.11872048089308716,517.588785046729,0,0,22.38755760117957,5.91588785046729,1.9158878504672898,205,106
198.0,199,405.343615,0.005025125628140704,0.004082914572864322,0.008308157099697885,9.32089552238806,0.5141379405329798,0.07651881437881017,0.058124868614673114,0.1188774437670801,513.7476635514018,0,0,22.296808209432683,5.87962962962963,1.8785046728971964,201,106
192.0,199,411.697065,0.035175879396984924,0.004717464875397395,0.049755301794453505,9.417910447761194,0.5083291849437331,0.07438697712754996,0.056150834535338964,0.11879249948485474,485.38613861386136,0,0,22.473881282787048,5.911764705882353,1.881188118811881,190,100
198.0,199,417.820697,0.005025125628140704,0.004723618090452261,0.006134969325153374,9.350746268656716,0.5108687762982185,0.07209208400646204,0.054220516962843295,0.11833602584814217,513.8532110091743,0,0,22.39215945005176,5.935779816513762,1.7798165137614679,194,108
196.0,199,424.161279,0.01507537688442211,0.004926593753079121,0.02034428794992175,9.298507462686567,0.515108106684244,0.06970297029702971,0.053465346534653464,0.1193069306930693,523.8888888888889,0,0,22.019091907649297,5.925925925925926,1.9722222222222223,213,107
198.0,199,430.341081,0.005025125628140704,0.004928488596830306,0.003909304143862392,9.23134328358209,0.5183688990117297,0.06865410759370752,0.05292289765002913,0.11817828704602835,496.6261682242991,0,0,22.44155565851811,5.907407407407407,1.8598130841121496,199,106
199.0,199,436.410076,0.0,0.004835498245946715,0.0,8.985074626865671,0.5239193689945556,0.06773363818233781,0.05258645327236353,0.11831951986281795,490.8490566037736,0,0,22.259656396806996,5.933962264150943,1.9622641509433962,208,105
197.0,199,442.657158,0.010050251256281407,0.0049320677461380975,0.0182648401826484,9.100746268656716,0.5164730715968969,0.06592481765475967,0.05217879184589489,0.11810360950065457,482.07547169811323,0,0,22.387742770893702,5.915094339622642,1.820754716981132,193,105
199.0,199,448.768336,0.0,0.0048423937871174055,0.0,9.149253731343284,0.5178327061048085,0.06444505645827596,0.050307536950335074,0.11769025979987148,503.2475247524753,0,0,22.524184831565957,5.9405940594059405,1.801980198019802,182,100
198.0,199,454.969677,0.005025125628140704,0.004845656855707107,0.008513931888544891,9.212686567164178,0.5149081596031936,0.0635650527454693,0.04977008385177171,0.11721215399873772,522.5865384615385,0,0,22.29021104382669,5.9326923076923075,1.8846153846153846,196,103
195.0,199,460.975629,0.020100502512562814,0.005113285726880014,0.027293404094010616,9.25,0.5117169357284089,0.06246677299308878,0.04979620769094453,0.1150983519404572,501.4141414141414,0,0,22.473463231957403,5.9,1.797979797979798,178,98
194.0,199,467.048923,0.02512562814070352,0.005458326113325247,0.04433497536945813,9.347014925373134,0.5053232746086105,0.061062717770034844,0.04878048780487805,0.11498257839721254,487.01020408163265,0,0,22.659614024856126,5.918367346938775,1.836734693877551,180,97
198.0,199,473.566091,0.005025125628140704,0.0054509837322204244,0.007782101167315175,9.298507462686567,0.5048053343154345,0.06148313067306046,0.047782154478506596,0.11466004452817263,518.8849557522124,0,0,22.21676314197856,5.929203539823009,1.6283185840707965,184,112
198.0,199,480.058835,0.005025125628140704,0.005443886097152429,0.008639308855291577,9.283582089552239,0.5073700728924655,0.06020545638262041,0.0466487032670933,0.11476928258672954,478.92622950819674,0,0,22.363965564574162,5.902439024390244,1.7622950819672132,215,121
197.0,199,486.014085,0.010050251256281407,0.005519400280088969,0.011727912431587178,9.23134328358209,0.5096166387604867,0.05822910627018968,0.04588751760125901,0.11471879400314752,485.89908256880733,0,0,22.317707759225094,5.909090909090909,1.7431192660550459,190,108
196.0,199,492.607668,0.01507537688442211,0.005673528934997569,0.014032496307237814,9.063432835820896,0.5155316572831334,0.05762490830548537,0.0460510229032521,0.1142717417882468,496.7563025210084,0,0,22.284631666631018,5.92436974789916,1.815126050420168,216,118
199.0,199,498.846655,0.0,0.005583472920156337,0.0,9.115671641791044,0.5147819133201302,0.056624959897337186,0.045957651588065446,0.11276868784087263,512.1517857142857,0,0,22.12332170921045,5.928571428571429,1.8303571428571428,205,111
191.0,199,504.871228,0.04020100502512563,0.006124371859296482,0.039939713639788994,9.171641791044776,0.5079941335495085,0.0561655738999921,0.044711272612370644,0.11320009479421755,494.05825242718447,0,0,22.117022292161952,5.866666666666666,1.970873786407767,203,102
196.0,199,511.068553,0.01507537688442211,0.0062620796289138,0.02046783625730994,9.171641791044776,0.5087234136653355,0.05569817191754181,0.04449630493971218,0.11310774017891871,492.8636363636364,0,0,22.574981281056044,5.927272727272728,1.7818181818181817,196,109
199.0,199,516.829951,0.0,0.0061671996345363175,0.0,9.440298507462687,0.49651495785182453,0.0530871763444155,0.04335835759154282,0.11337521066339819,530.2330097087379,0,0,21.559483962851232,5.857142857142857,1.8155339805825244,187,102
198.0,199,523.316565,0.005025125628140704,0.006150153753843846,0.0054988216810683424,9.361940298507463,0.4995701373070558,0.053501358285541804,0.042710534258979777,0.11190763658315726,465.0181818181818,0,0,22.63551963360968,5.883928571428571,1.809090909090909,199,109
194.0,199,530.048353,0.02512562814070352,0.006429204847768253,0.029770992366412213,9.376865671641792,0.4999519454262817,0.052803807823888146,0.04306113342257921,0.11133422579205712,485.781512605042,0,0,22.555327013737212,5.9411764705882355,1.7394957983193278,207,118
197.0,199,536.214777,0.010050251256281407,0.006481683781224965,0.013333333333333334,9.447761194029852,0.4993540291542875,0.051674851572234844,0.04251264384666129,0.10958000439785971,495.57142857142856,0,0,22.379015623533334,5.923809523809524,1.838095238095238,193,104
198.0,199,541.964989,0.005025125628140704,0.006460875807609476,0.009966777408637873,9.35820895522388,0.5029037304975126,0.05050213134889098,0.04147099198034824,0.10909616357199624,493.06,0,0,22.385064113379293,5.92,1.75,175,99
194.0,199,547.997346,0.02512562814070352,0.006723759643286857,0.029710711493354185,9.35820895522388,0.5047451479947981,0.04837905236907731,0.040755254720342,0.10915568222301389,505.019801980198,0,0,22.055107854811155,5.892156862745098,1.8217821782178218,184,100
193.0,199,553.433471,0.03015075376884422,0.0070491345616973755,0.04728132387706856,9.33955223880597,0.5047572178392548,0.04772280011245431,0.04041326960922125,0.10774529097554118,523.9111111111112,0,0,22.23416148389532,5.8901098901098905,1.8,162,89
198.0,199,559.689567,0.005025125628140704,0.007021408411922627,0.008982035928143712,9.328358208955224,0.5061298407929922,0.04762234853736309,0.039304034382365176,0.10702897546097324,485.56481481481484,0,0,22.335246272690156,5.91743119266055,1.787037037037037,193,107
196.0,199,565.73495,0.01507537688442211,0.0071302458237131605,0.022782750203417412,9.332089552238806,0.5069081789138647,0.047120776911503216,0.039939816714539736,0.10620982081794555,446.3269230769231,0,0,23.05345200222424,5.913461538461538,1.6634615384615385,173,103
193.0,199,571.60504,0.03015075376884422,0.007437185929648241,0.04240555127216654,9.42910447761194,0.5072982975705465,0.046911913601079984,0.03921700978737766,0.10597367532905838,499.9047619047619,0,0,22.234286048078932,5.89622641509434,1.8857142857142857,198,104
195.0,199,577.853066,0.020100502512562814,0.007603808516265538,0.028201219512195123,9.373134328358208,0.5088897507105431,0.04703530979347102,0.0379746835443038,0.10479680213191206,477.5438596491228,0,0,22.394644697761795,5.9298245614035086,1.8421052631578947,210,113
197.0,199,583.506274,0.010050251256281407,0.007635580499902108,0.018575851393188854,9.458955223880597,0.5065601358541658,0.046425988031827445,0.03800881173143947,0.1033076872492931,511.03092783505156,0,0,22.278332658635527,5.878787878787879,1.8762886597938144,182,96
199.0,199,589.719344,0.0,0.007537688442211055,0.0,9.302238805970148,0.5137544293953581,0.046215760093470074,0.037193301311177464,0.10210307672335454,509.38317757009344,0,0,22.237228840152856,5.907407407407407,1.841121495327103,197,106
198.0,199,595.712732,0.005025125628140704,0.007505883849627886,0.00473186119873817,9.425373134328359,0.5121240845311255,0.0460138426044604,0.03749038708023584,0.1012560881825173,480.8137254901961,0,0,22.342569014383013,5.866666666666666,1.8431372549019607,188,101
198.0,199,601.912088,0.005025125628140704,0.007474874371859296,0.005384615384615384,9.526119402985074,0.5071742032164174,0.04543728641944058,0.036957347171244145,0.10118972281989622,479.929203539823,0,0,22.40418565284526,5.921052631578948,1.8761061946902655,212,112
196.0,199,607.879514,0.01507537688442211,0.007568707736211924,0.017948717948717947,9.451492537313433,0.5111221227942826,0.04525565695711964,0.0356919614951869,0.10026253281660208,500.22,0,0,22.13705500172483,5.92,1.82,182,99
198.0,199,614.067227,0.005025125628140704,0.007537688442211055,0.00882825040128411,9.548507462686567,0.5049318125325756,0.04488762657446283,0.03482341318844159,0.09829587552482094,501.70588235294116,0,0,22.30438288396599,5.864077669902913,1.696078431372549,173,101
198.0,199,620.686678,0.005025125628140704,0.0075074166010776775,0.008409785932721712,9.559701492537313,0.5062763767300642,0.04428449432719288,0.03440283030376967,0.09631572526534098,486.6788990825688,0,0,22.61180314415202,5.935779816513762,1.7339449541284404,189,108
194.0,199,626.908216,0.02512562814070352,0.0077171572146446515,0.03466076696165192,9.552238805970148,0.5030657925143485,0.04346515553412105,0.034784181335905474,0.09597299252471667,515.6228070175439,0,0,22.426756245547676,5.921052631578948,1.9210526315789473,219,113
197.0,199,633.098099,0.010050251256281407,0.007744605379840379,0.01079414032382421,9.492537313432836,0.5074074932751064,0.04337205838546321,0.03383973786118558,0.09579982126899017,448.30973451327435,0,0,22.840015040829915,5.946902654867257,1.7964601769911503,203,112
197.0,199,639.415401,0.010050251256281407,0.007771415215612949,0.01901743264659271,9.507462686567164,0.5072339940570905,0.04292780591214227,0.03374160876221882,0.0949829230950418,518.4107142857143,0,0,22.15167983395288,5.910714285714286,1.8035714285714286,202,111
199.0,199,645.565411,0.0,0.007682088603939236,0.0,9.48134328358209,0.5084101471781738,0.04225598044351318,0.03323438682265293,0.09446481578487864,482.0090909090909,0,0,22.383954822329688,5.945454545454545,1.8636363636363635,205,109
199.0,199,651.902264,0.0,0.007594792142530836,0.0,9.41044776119403,0.5085071782816171,0.041196777905638665,0.033256616800920596,0.09372842347525892,503.55652173913046,0,0,22.45486466705523,5.930434782608696,1.826086956521739,210,114
197.0,199,657.928687,0.010050251256281407,0.007622381570775224,0.018081761006289308,9.492537313432836,0.505115785123802,0.040223018717642375,0.0326563122262047,0.09375888945781419,478.77669902912623,0,0,22.521448304090594,5.941747572815534,1.8349514563106797,189,102
194.0,199,664.618628,0.02512562814070352,0.007816862088218872,0.038314176245210725,9.298507462686567,0.5097789475409287,0.0396713747116088,0.03235608575769512,0.09397332733104496,483.3185840707965,0,0,22.401207144986287,5.902654867256637,1.7433628318584071,197,112
196.0,199,670.894934,0.01507537688442211,0.007896625987078248,0.020953757225433526,9.384328358208956,0.5026821955489058,0.039572549674403074,0.03233706239216341,0.0930594979684978,538.6386554621848,0,0,21.993267320814372,5.883333333333334,1.865546218487395,222,118
199.0,199,676.839549,0.0,0.0078107930959143545,0.0,9.399253731343284,0.50335976711152,0.03831333259936145,0.03165253770780579,0.09198502697346692,478.0480769230769,0,0,22.128050629205575,5.886792452830188,1.75,182,103
197.0,199,682.722156,0.010050251256281407,0.007834873291187119,0.014727540500736377,9.332089552238806,0.5049853585791007,0.03866470620269019,0.031530795621630456,0.09170614823285955,515.1388888888889,0,0,22.2390659972328,5.907407407407407,1.9259259259259258,208,107
198.0,199,689.158944,0.005025125628140704,0.0078049823586015185,0.009167303284950344,9.291044776119403,0.5035637774043261,0.03728247400463337,0.0314099455848284,0.09137438715586445,500.3628318584071,0,0,22.141550590172127,5.938053097345133,1.8938053097345133,214,112
191.0,199,695.25053,0.04020100502512563,0.008145993123512298,0.054602184087363496,9.380597014925373,0.502624580146213,0.036369453924914676,0.03114334470989761,0.09044368600682594,505.2121212121212,0,0,22.322815183336044,5.909090909090909,1.8888888888888888,187,98
197.0,199,700.589691,0.010050251256281407,0.008165829145728644,0.009220452640402346,9.41044776119403,0.5001526606705249,0.03551638608897567,0.030291835980790542,0.08955617710697135,503.86746987951807,0,0,22.32953936814627,5.903614457831325,1.8795180722891567,156,82
198.0,199,707.033728,0.005025125628140704,0.008133450758949386,0.0030840400925212026,9.246268656716419,0.5070360063355356,0.036036977072126185,0.030396406747793387,0.08925680263226615,490.4867256637168,0,0,22.511203436285026,5.929203539823009,1.7787610619469028,201,112
196.0,199,712.768924,0.01507537688442211,0.008204286739821556,0.0234009360374415,9.23134328358209,0.5058235598333781,0.0356718192627824,0.03024349894018508,0.08948973788967585,500.8076923076923,0,0,22.157124582748963,5.875,1.875,195,103
198.0,199,719.157171,0.005025125628140704,0.00817217400131973,0.004552352048558422,9.335820895522389,0.5013875283294964,0.03495215188577862,0.030039404329358785,0.08848063046926974,519.6166666666667,0,0,22.060715916182406,5.900826446280992,1.85,222,119
188.0,199,724.832157,0.05527638190954774,0.00864321608040201,0.08508914100486224,9.354477611940299,0.5015300463123109,0.03385878655785899,0.029702468447463125,0.08773886157433221,458.68817204301075,0,0,22.56660246610535,5.913978494623656,1.7311827956989247,161,92
196.0,199,731.200464,0.01507537688442211,0.008706900840837853,0.01348314606741573,9.350746268656716,0.49984633514132537,0.032772898368883314,0.029761606022584694,0.08727728983688833,523.4038461538462,0,0,22.07663988251058,5.903846153846154,1.9807692307692308,206,103
197.0,199,736.838214,0.010050251256281407,0.008720070942950044,0.0196078431372549,9.399253731343284,0.49657149699912034,0.03195507404830534,0.02907265679355929,0.08682039558691979,496.6923076923077,0,0,21.881554959321836,5.865384615384615,1.8557692307692308,193,103
194.0,199,742.769742,0.02512562814070352,0.008879348197297165,0.033846153846153845,9.42910447761194,0.4974547669441255,0.03150226422524119,0.028745816105532587,0.08633589289230163,506.5192307692308,0,0,22.274512267830357,5.904761904761905,1.7596153846153846,183,103
191.0,199,748.745708,0.04020100502512563,0.009180517974487823,0.03302611367127496,9.41044776119403,0.496032049399444,0.031306383186229095,0.02833178914516994,0.08577558882332861,486.65,0,0,22.112184436606398,5.91,1.89,189,99
197.0,199,754.667652,0.010050251256281407,0.009188801148600144,0.011895321173671689,9.406716417910447,0.5005275692807155,0.030911901081916538,0.02840030911901082,0.08592542503863988,512.9903846153846,0,0,21.852395977223686,5.894230769230769,1.8269230769230769,190,103
195.0,199,760.753158,0.020100502512562814,0.009291741727505453,0.029253271747498075,9.328358208955224,0.503574819365438,0.030623474807407052,0.02813531747930523,0.0856500311019666,511.3302752293578,0,0,22.292931607174506,5.935779816513762,1.7522935779816513,191,108
191.0,199,766.587861,0.04020100502512563,0.00958061334710938,0.04670126019273536,9.261194029850746,0.5056604307984868,0.030535798956851587,0.0276434329065908,0.08477951635846373,513.3809523809524,0,0,22.096280883300466,5.904761904761905,1.9238095238095239,202,104
194.0,199,773.112153,0.02512562814070352,0.009724548669272288,0.037565740045078885,9.164179104477611,0.5111659421703175,0.03082127419657959,0.027532418718286038,0.08353692914865626,493.4873949579832,0,0,22.267692229631237,5.92436974789916,1.8403361344537814,219,118
194.0,199,779.007354,0.02512562814070352,0.009865842976349638,0.033682634730538924,9.175373134328359,0.5092023758082277,0.030263525467920663,0.026911258031474067,0.0830151783220039,478.11,0,0,22.249893422117207,5.871287128712871,1.72,172,99
199.0,199,784.827987,0.0,0.00977615349474646,0.0,9.283582089552239,0.5074256992574879,0.029985699128108133,0.026710338146422475,0.08234534299026618,492.6132075471698,0,0,22.551512542499406,5.9245283018867925,1.971698113207547,209,105
195.0,199,790.912326,0.020100502512562814,0.00986916564806012,0.032407407407407406,9.313432835820896,0.5065009061466365,0.02948975859546452,0.026517922457937087,0.0812454279444038,509.9126213592233,0,0,22.007324642625278,5.866666666666666,1.912621359223301,197,102
193.0,199,797.289154,0.03015075376884422,0.010050251256281407,0.039740470397404706,9.309701492537313,0.5110399235397669,0.029095853161114887,0.02578744618173578,0.08139587582143666,492.02777777777777,0,0,22.210738923231908,5.908256880733945,1.8518518518518519,200,107
193.0,199,803.318253,0.03015075376884422,0.010228131809489928,0.045454545454545456,9.317164179104477,0.5067994520294034,0.0287087788660257,0.026147901877976457,0.08104951028843561,496.44144144144144,0,0,22.05904174962194,5.927927927927928,1.864864864864865,207,110
193.0,199,809.419103,0.03015075376884422,0.010402891651238649,0.041666666666666664,9.328358208955224,0.5073563916291406,0.028016569417843303,0.026190370139414724,0.08057547547993407,493.3883495145631,0,0,22.15614840538961,5.941747572815534,1.7378640776699028,179,102
193.0,199,815.461474,0.03015075376884422,0.010574612191391742,0.03816793893129771,9.350746268656716,0.5055056056342,0.028307719484190072,0.025613849143260908,0.07904963787316728,514.2710280373832,0,0,22.365237358445352,5.925233644859813,1.8691588785046729,200,106
197.0,199,821.760783,0.010050251256281407,0.01057009183850286,0.01769230769230769,9.406716417910447,0.5060373172823589,0.02810735081651416,0.025305371918917737,0.07801759992995053,487.43518518518516,0,0,22.557224215906896,5.944444444444445,1.9814814814814814,214,107
194.0,199,827.357139,0.02512562814070352,0.010694498131684061,0.03913738019169329,9.548507462686567,0.500400490124243,0.02678532667679618,0.024310831343607554,0.07736053831126546,526.6741573033707,0,0,21.77025577675803,5.877777777777778,1.9325842696629214,172,88
199.0,199,833.583551,0.0,0.010603866791585044,0.0,9.444029850746269,0.5034472618415995,0.02642678832745115,0.024489971593354566,0.07566497374537316,486.3738317757009,0,0,22.563694586631783,5.94392523364486,1.9065420560747663,204,106
198.0,199,839.803072,0.005025125628140704,0.010556986613740974,0.005422153369481022,9.455223880597014,0.49954181158683647,0.026715602594742233,0.02402697166268351,0.07519631273472174,512.5217391304348,0,0,22.20299337626912,5.921739130434783,1.9130434782608696,220,114
197.0,199,845.970059,0.010050251256281407,0.010552763819095477,0.018227009113504555,9.35820895522388,0.5026414992325577,0.025985018409581447,0.024546108595370097,0.07368064666299885,462.6442307692308,0,0,22.723355765997322,5.923076923076923,1.8461538461538463,192,103
199.0,199,852.278843,0.0,0.010465550894970721,0.0,9.246268656716419,0.5090301036052465,0.026229645794863185,0.02408930669800235,0.07281349672654021,487.62264150943395,0,0,22.57846418676798,5.933962264150943,1.7547169811320755,186,105
198.0,199,859.131685,0.005025125628140704,0.010420957245242607,0.003770739064856712,9.26865671641791,0.5111051835099608,0.02642970115707983,0.024098892866061768,0.07250478648131191,484.05833333333334,0,0,22.485638627004327,5.941666666666666,1.8,216,119
197.0,199,864.99036,0.010050251256281407,0.010417943375413654,0.010101010101010102,9.190298507462687,0.5096361284649779,0.02592577302563679,0.02324237295132725,0.07208025430376089,535.3737373737374,0,0,22.152225098726078,5.898989898989899,1.7171717171717171,170,98
199.0,199,871.233706,0.0,0.010333927703031286,0.0,9.119402985074627,0.5120852292684813,0.026001146507247563,0.022766358201621487,0.07149291622307755,510.3669724770642,0,0,22.417396775459537,5.926605504587156,1.853211009174312,202,108
199.0,199,877.916205,0.0,0.010251256281407035,0.0,9.111940298507463,0.5178153549887293,0.025628528491937776,0.023150968685268673,0.07119938264083506,528.7735849056604,0,0,22.287902514192663,5.943396226415095,1.9339622641509433,205,105
199.0,199,884.119943,0.0,0.010169897104570471,0.0,9.111940298507463,0.5164571295369859,0.025221595487510073,0.023166800966962126,0.07002417405318291,502.94690265486724,0,0,22.45548584705157,5.938053097345133,1.7964601769911503,203,112
199.0,199,890.339276,0.0,0.010089819174613223,0.0,9.16044776119403,0.5143252784007641,0.025100923298293297,0.022822654782365403,0.07006674927055438,510.69444444444446,0,0,21.86042544021803,5.881818181818182,1.9722222222222223,213,107
199.0,199,896.529478,0.0,0.010010992462311559,0.0,9.149253731343284,0.5144485125074104,0.02462526766595289,0.022840827980014276,0.06951383932111983,517.8738738738739,0,0,22.073130933253413,5.900900900900901,1.90990990990991,212,110
199.0,199,903.126842,0.0,0.00993338786958046,0.0,9.085820895522389,0.5133056825002941,0.024629185191013887,0.02305543533855294,0.0696384309713971,497.58620689655174,0,0,22.28713654598531,5.923076923076923,1.9396551724137931,225,115
198.0,199,909.313009,0.005025125628140704,0.00989563200618477,0.009448818897637795,9.130597014925373,0.5134299721139036,0.02439976576224868,0.023384735506539137,0.06952957251610385,502.53846153846155,0,0,22.460055219991077,5.9326923076923075,1.8653846153846154,194,103
197.0,199,916.053123,0.010050251256281407,0.009896812305803828,0.016428571428571428,9.14179104477612,0.5126896080238048,0.024523477452347744,0.023090035642336897,0.06954129862079653,486.56666666666666,0,0,22.338620625854823,5.933333333333334,1.8666666666666667,224,119
198.0,199,921.742907,0.005025125628140704,0.009859905588548804,0.0045385779122541605,9.220149253731343,0.5092126793726433,0.02456747404844291,0.023260284505959246,0.06955017301038062,547.9174311926605,0,0,21.884357427773036,5.9,1.7889908256880733,195,108
199.0,199,928.282917,0.0,0.009785770960063476,0.0,9.097014925373134,0.5131803190007158,0.02399938952268305,0.02327444770880232,0.06883131748635965,490.6608695652174,0,0,22.223628510216532,5.913793103448276,1.9478260869565218,224,114
199.0,199,934.393103,0.0,0.009712742818570465,0.0,9.25,0.5095952921135164,0.02347773401999394,0.022871857013026357,0.06850196910027265,489.76237623762376,0,0,22.370089822875297,5.900990099009901,1.9306930693069306,195,100
196.0,199,940.321704,0.01507537688442211,0.009752466033873069,0.02832415420928403,9.291044776119403,0.5075716632449478,0.02334235453315291,0.022477822883776876,0.06822282363554352,498.8514851485148,0,0,22.18616421283859,5.891089108910891,1.9702970297029703,199,100
199.0,199,946.503042,0.0,0.009680756724800474,0.0,9.462686567164178,0.5006094821774567,0.023280976010148117,0.022310935343058613,0.06805208372197143,519.1284403669724,0,0,21.78420086124149,5.91743119266055,1.8623853211009174,203,108
199.0,199,953.237095,0.0,0.009610094266955214,0.0,9.33955223880597,0.5090027363991793,0.023405673653803423,0.022331679134878896,0.06758758610473298,465.8205128205128,0,0,22.719049930683273,5.94017094017094,1.7863247863247864,209,116
197.0,199,959.581441,0.010050251256281407,0.009613283810356128,0.01730920535011802,9.376865671641792,0.5073638638995056,0.02316261627265708,0.02283172175447627,0.06735541747858377,489.38532110091745,0,0,22.39181338059458,5.908256880733945,1.871559633027523,204,108
193.0,199,965.929303,0.03015075376884422,0.009761035392791294,0.03235082674335011,9.503731343283581,0.5009328965006938,0.023035922897196262,0.022670852803738317,0.06724591121495327,510.57522123893807,0,0,22.327197260982025,5.920353982300885,1.7699115044247788,200,112
195.0,199,972.106986,0.020100502512562814,0.00983488872936109,0.021671826625386997,9.514925373134329,0.5013086053432051,0.022583100735853845,0.02254685177801138,0.06637184180954797,511.2019230769231,0,0,22.179039411891193,5.913461538461538,1.7403846153846154,181,103
199.0,199,978.541407,0.0,0.009765137745464914,0.0,9.597014925373134,0.49916433993022186,0.022673288706542862,0.022421363276470166,0.06596847333189376,509.05405405405406,0,0,22.11179286665328,5.901785714285714,1.837837837837838,204,110
198.0,199,984.426914,0.005025125628140704,0.009731757378441503,0.006144393241167435,9.630597014925373,0.49803109308852717,0.02211978273299028,0.022298456260720412,0.06525157232704402,519.0297029702971,0,0,22.451588587184453,5.910891089108911,1.99009900990099,201,100
198.0,199,990.705164,0.005025125628140704,0.00969884386969814,0.008142116950407105,9.600746268656716,0.5003725753900885,0.02228372720175999,0.021999858065431838,0.06461571215669576,516.8070175438596,0,0,22.34276089971317,5.921052631578948,1.8596491228070176,212,113
197.0,199,996.494583,0.010050251256281407,0.009701284198771636,0.011885895404120444,9.503731343283581,0.5038839538828926,0.022058564431445788,0.02181190316783537,0.06451953909581028,478.54455445544556,0,0,22.511126524934927,5.911764705882353,1.7920792079207921,181,100
198.0,199,1002.663114,0.005025125628140704,0.00966903482931901,0.007413509060955519,9.574626865671641,0.5031800760320869,0.021730762501312242,0.022115687440949015,0.0642124785666795,520.8518518518518,0,0,22.345194175398163,5.888888888888889,1.8611111111111112,201,107
197.0,199,1008.769141,0.010050251256281407,0.00967164590073656,0.013814274750575594,9.544776119402986,0.5031915089560534,0.02175575172030305,0.02179050531730034,0.06394661847501217,519.6422018348624,0,0,21.996550880962072,5.873873873873874,2.0275229357798166,221,108
199.0,199,1014.930498,0.0,0.00960585239120774,0.0,9.585820895522389,0.50100650861523,0.021399233769371483,0.02143374866254789,0.06378352258999759,507.25925925925924,0,0,22.283234068105727,5.925925925925926,1.8333333333333333,198,107
195.0,199,1020.78712,0.020100502512562814,0.009676762189325004,0.02419984387197502,9.563432835820896,0.5025633450471225,0.021221886999451454,0.021564728469555677,0.06325425123422929,507.2549019607843,0,0,22.04352221127844,5.903846153846154,1.7647058823529411,180,101
190.0,199,1026.448644,0.04522613065326633,0.00991534855485481,0.05195843325339728,9.67910447761194,0.5005682740212571,0.02094829348048232,0.021220791607057702,0.06321956536548812,512.4845360824743,0,0,22.281734527309954,5.908163265306122,1.7422680412371134,169,96
186.0,199,1032.366045,0.06532663316582915,0.010284757118927974,0.0982615268329554,9.682835820895523,0.4986056812452268,0.020782561603032764,0.021154887625236936,0.06258461955050094,499.989898989899,0,0,22.39506591121782,5.898989898989899,1.898989898989899,188,98
188.0,199,1038.739151,0.05527638190954774,0.010582714898998303,0.0681992337164751,9.615671641791044,0.5017962492591925,0.020752051661509483,0.020987488228171668,0.062491591551190634,490.1333333333333,0,0,22.316496979843286,5.923809523809524,1.7714285714285714,186,104
197.0,199,1044.491869,0.010050251256281407,0.01057921184871727,0.01145912910618793,9.664179104477611,0.4998348991577715,0.020715693808680543,0.02098299308363126,0.06264826756657423,532.5094339622641,0,0,21.879991791299975,5.925233644859813,1.830188679245283,194,105
188.0,199,1050.23477,0.05527638190954774,0.010871350215127928,0.08171206225680934,9.895522388059701,0.4909800884206034,0.02042036059368463,0.020918418169140352,0.06209117774014676,505.57142857142856,0,0,22.02191883700617,5.8686868686868685,1.7448979591836735,171,97
196.0,199,1056.074698,0.01507537688442211,0.010898649089603864,0.018668831168831168,9.914179104477611,0.4889646891020951,0.0202883251410286,0.020948108072444165,0.061788671527067594,506.14285714285717,0,0,22.15026110786559,5.904761904761905,1.8857142857142857,198,104
192.0,199,1061.886782,0.035175879396984924,0.011055276381909548,0.03691813804173355,9.902985074626866,0.4911913274705187,0.020258973938698573,0.02098016718570726,0.06185871168660875,470.06,0,0,22.338867208895117,5.92,1.81,181,99
195.0,199,1067.529445,0.020100502512562814,0.011113258600695787,0.02764612954186414,9.92910447761194,0.48618051234314524,0.020228013029315962,0.021205211726384364,0.061498371335504884,501.27,0,0,22.054917990057003,5.910891089108911,1.89,189,99
197.0,199,1073.378142,0.010050251256281407,0.011106487853279135,0.015372168284789644,9.813432835820896,0.49144564233331034,0.020293232352655597,0.021393662815160048,0.06091206265980516,505.94444444444446,0,0,22.277271803572674,5.907407407407407,1.9074074074074074,206,107
190.0,199,1079.310022,0.04522613065326633,0.011322434959608168,0.05694227769110764,9.861940298507463,0.48936707099472027,0.0202335381349117,0.02113423617589346,0.06060411104320134,502.3301886792453,0,0,22.122739598173716,5.90566037735849,1.8113207547169812,192,105
199.0,199,1085.585118,0.0,0.011251224676843335,0.0,9.835820895522389,0.49029377295425175,0.019913060154701782,0.021223550469858722,0.060346480854056125,501.1388888888889,0,0,22.354338657081215,5.87962962962963,1.8518518518518519,200,107
199.0,199,1091.287424,0.0,0.011180904522613066,0.0,9.802238805970148,0.48991799680447434,0.01997776719072574,0.02124821343496903,0.06025091313323805,509.6923076923077,0,0,22.040956258026082,5.90566037735849,1.8076923076923077,188,103
197.0,199,1097.794733,0.010050251256281407,0.011173881831517837,0.016788321167883213,9.742537313432836,0.4918925376100814,0.019853544599457106,0.020674199861119878,0.060444416387854305,481.1140350877193,0,0,22.328260555721922,5.913043478260869,1.7894736842105263,204,113
194.0,199,1103.811749,0.02512562814070352,0.01126000372231528,0.030254777070063694,9.876865671641792,0.4892612475613164,0.019293512360396538,0.020673861212197265,0.06001380348851801,481.7878787878788,0,0,22.39614785512831,5.909090909090909,1.8080808080808082,179,98
196.0,199,1109.864281,0.01507537688442211,0.011283410919628818,0.024634334103156273,9.89179104477612,0.48656859718607465,0.01920678473434772,0.02076577700174607,0.05967822399600898,479.7787610619469,0,0,22.430310835268017,5.878260869565217,1.8672566371681416,211,112
192.0,199,1116.01597,0.035175879396984924,0.011429096703027332,0.04292168674698795,9.861940298507463,0.4869160907704319,0.018751549714852468,0.020332258864368957,0.059540044631787754,495.2181818181818,0,0,22.070799927200845,5.909090909090909,1.8545454545454545,204,109
197.0,199,1121.846713,0.010050251256281407,0.011420740063956145,0.011666666666666667,9.985074626865671,0.48383637778846283,0.01845291272604048,0.020362897014879394,0.05908628816117803,526.3203883495146,0,0,22.301836031752057,5.902912621359223,1.970873786407767,203,102
196.0,199,1127.930674,0.01507537688442211,0.011442755948416783,0.022900763358778626,9.902985074626866,0.4846732192348812,0.018740239458615304,0.01981198517928775,0.05839483112349573,475.36036036036035,0,0,22.568261158992094,5.90990990990991,1.882882882882883,209,110
198.0,199,1133.38039,0.005025125628140704,0.011404327024343273,0.00870253164556962,9.925373134328359,0.48336658259606285,0.018079439963475878,0.01969258864708568,0.0582559732156445,518.3814432989691,0,0,21.946227525466043,5.848484848484849,1.907216494845361,185,96
195.0,199,1139.480327,0.020100502512562814,0.011456089973677913,0.026905829596412557,9.973880597014926,0.48704655861771956,0.018305597579425112,0.01963691376701967,0.057972768532526475,495.5263157894737,0,0,22.33366977801734,5.905172413793103,2.0,228,113
196.0,199,1145.577489,0.01507537688442211,0.011477505872558056,0.024162120031176928,9.873134328358208,0.48949664336617954,0.017926968657883655,0.019009805690910184,0.0573602839439331,502.05825242718447,0,0,22.325799606316757,5.932038834951456,1.825242718446602,188,102
199.0,199,1151.722657,0.0,0.011409991132131245,0.0,9.82089552238806,0.49517948763600933,0.017371804455075496,0.019315293765884287,0.05704888623112573,496.99074074074076,0,0,22.29293877069115,5.944444444444445,1.8611111111111112,201,107
199.0,199,1157.573276,0.0,0.011343266037791296,0.0,9.615671641791044,0.4972393074419574,0.017239329449530376,0.019260492212578764,0.05599809772916419,499.3090909090909,0,0,22.27528948105695,5.918918918918919,1.6636363636363636,183,109
199.0,199,1163.223863,0.0,0.011277316816641346,0.0,9.66044776119403,0.4965487491604545,0.016990219543184706,0.018822208433058533,0.055402889814732736,509.57608695652175,0,0,22.180826559971674,5.934782608695652,1.891304347826087,174,91
198.0,199,1169.204057,0.005025125628140704,0.011241176983181805,0.009708737864077669,9.776119402985074,0.49118621806812107,0.016627008607267707,0.018536470726476895,0.05487500367204254,508.83168316831683,0,0,21.953464825174628,5.875,2.00990099009901,203,100
199.0,199,1175.345639,0.0,0.01117657251776122,0.0,9.67910447761194,0.49718059587624813,0.016325934579439254,0.018078271028037385,0.05426401869158878,490.34313725490193,0,0,22.25722071947091,5.922330097087379,1.8529411764705883,189,101
199.0,199,1181.497518,0.0,0.011112706389088298,0.0,9.559701492537313,0.5027098967536011,0.016521966375330294,0.017973808763320654,0.05368913150788351,490.1666666666667,0,0,22.542866367246983,5.944444444444445,1.8425925925925926,199,107
199.0,199,1187.881564,0.0,0.01104956601187757,0.0,9.473880597014926,0.5040156980945432,0.01671574571280097,0.018563427449621802,0.05300536982504764,498.504,0,0,22.052777085377343,5.888888888888889,1.864,233,124
197.0,199,1194.304597,0.010050251256281407,0.011043920165800756,0.01105379513633014,9.593283582089553,0.5014228460159046,0.016649921056408785,0.018917755131333428,0.05270561217166643,515.694214876033,0,0,22.3333324652069,5.885245901639344,1.8429752066115703,223,120
199.0,199,1200.258471,0.0,0.010981875670487268,0.0,9.649253731343284,0.5006432705833969,0.016412627733059314,0.018581948963863674,0.052463321344979164,509.14285714285717,0,0,22.04461093916601,5.878787878787879,1.989795918367347,195,97
197.0,199,1205.888223,0.010050251256281407,0.010976671064821314,0.015760441292356184,9.593283582089553,0.5003868672227526,0.016689847009735744,0.01833612443586614,0.05180097073599955,492.14736842105265,0,0,22.332221707100924,5.926315789473684,1.7789473684210526,169,94
199.0,199,1212.247747,0.0,0.01091568955890564,0.0,9.585820895522389,0.5027638747995,0.016652554332486594,0.01851538244425628,0.051481795088907704,505.070796460177,0,0,22.06681461878014,5.885964912280702,1.9734513274336283,223,112
199.0,199,1218.24508,0.0,0.010855381881784613,0.0,9.529850746268657,0.504704702137287,0.01653147716747593,0.01821549861068231,0.05060484436835162,473.6470588235294,0,0,22.453425646047137,5.911764705882353,1.6862745098039216,172,101
199.0,199,1224.27783,0.0,0.010795736926390192,0.0,9.64179104477612,0.5051621966295333,0.01632801161103048,0.018505079825834544,0.04993301328569834,516.7115384615385,0,0,22.139236061997682,5.9326923076923075,1.9519230769230769,203,103
199.0,199,1230.524408,0.0,0.010736743828431776,0.0,9.51865671641791,0.5065718523804452,0.01648763427429428,0.018375107558220225,0.049684958503344714,517.8349514563107,0,0,22.275818933045972,5.932038834951456,1.8932038834951457,195,102
198.0,199,1236.698584,0.005025125628140704,0.010705702425169324,0.006083650190114068,9.597014925373134,0.49931719402490743,0.01648033126293996,0.018247066942719117,0.04924775707384403,521.5431034482758,0,0,22.09631575303282,5.897435897435898,1.9396551724137931,225,115
198.0,199,1243.1278,0.005025125628140704,0.010674996604644845,0.00933125972006221,9.559701492537313,0.502466533298562,0.0165280180105977,0.018257694314032343,0.04939186777585591,470.94736842105266,0,0,22.31515582035977,5.904347826086957,1.8333333333333333,209,113
199.0,199,1249.177349,0.0,0.010617604149781164,0.0,9.466417910447761,0.5058855303793527,0.01619245262410573,0.018049260007645677,0.04923270165474305,511.302752293578,0,0,22.0665750075892,5.918181818181818,1.8623853211009174,203,108
199.0,199,1255.308418,0.0,0.010560825517964152,0.0,9.5,0.5053129377869982,0.015779039135276066,0.017788761847858558,0.04902093913799191,506.4807692307692,0,0,22.50240407350569,5.9326923076923075,1.8365384615384615,191,103
198.0,199,1261.363518,0.005025125628140704,0.01053138030578424,0.008560311284046693,9.57089552238806,0.5011023086153044,0.01591074853453632,0.017936735190037547,0.04883978497528296,491.7889908256881,0,0,22.047257788677936,5.891891891891892,1.7706422018348624,193,108
199.0,199,1267.405092,0.0,0.010475658716864747,0.0,9.716417910447761,0.4993026604908971,0.01590628190660433,0.017813960986619377,0.04884733193615992,505.0183486238532,0,0,22.073510874803848,5.91743119266055,1.834862385321101,200,108
198.0,199,1273.420872,0.005025125628140704,0.010446971700608305,0.0061162079510703364,9.753731343283581,0.49507098935185745,0.015902287791319223,0.017692965576224077,0.04848193286294633,489.1186440677966,0,0,22.222051511875637,5.9,1.7966101694915255,212,117
197.0,199,1279.176693,0.010050251256281407,0.010444894630219158,0.01056910569105691,9.619402985074627,0.4954173801493467,0.015526546672692952,0.017493951559301304,0.048228006274426395,511.0,0,0,22.093159196088887,5.852631578947369,2.0,186,92
197.0,199,1285.767945,0.010050251256281407,0.0104428391959799,0.004576659038901602,9.455223880597014,0.4986755519905815,0.015577889447236181,0.017614387728114255,0.047818037556202064,494.38260869565215,0,0,22.352991479570054,5.930434782608696,1.8521739130434782,213,114
198.0,199,1291.587713,0.005025125628140704,0.010414768141224256,0.009426551453260016,9.544776119402986,0.49506623596178795,0.015207324773731845,0.017285834561145023,0.048095137865712484,494.14,0,0,21.866345281926186,5.882352941176471,1.81,181,99
195.0,199,1297.77215,0.020100502512562814,0.010464694607055899,0.03522818254603683,9.57089552238806,0.4965669433848935,0.015129701855875193,0.017223778237311207,0.04761406172290134,495.9901960784314,0,0,22.2486506401123,5.893203883495145,2.0098039215686274,205,101
194.0,199,1303.869415,0.02512562814070352,0.010539878881587424,0.037965072133637055,9.466417910447761,0.49961440439554744,0.015339740083860718,0.017032580670364873,0.047373492720785476,490.196261682243,0,0,22.104216395815076,5.907407407407407,1.8785046728971964,201,106
199.0,199,1309.92106,0.0,0.010486103989334427,0.0,9.361940298507463,0.49985044415348406,0.015157011089232045,0.017281583583791067,0.04694787024562131,512.6017699115044,0,0,22.122498555429402,5.902654867256637,1.752212389380531,198,112
198.0,199,1315.824902,0.005025125628140704,0.010458383286993342,0.008507347254447023,9.537313432835822,0.49639750397565224,0.015156983038614218,0.017116048873537144,0.046708253853688715,490.29906542056074,0,0,22.41485075414814,5.906542056074766,1.7476635514018692,187,106
199.0,199,1321.709837,0.0,0.010405563169382265,0.0,9.630597014925373,0.4909377572771797,0.01490011027620342,0.01684917805760008,0.046136486035955174,517.2666666666667,0,0,21.909938894720685,5.842592592592593,1.8857142857142857,198,104
195.0,199,1327.614571,0.020100502512562814,0.01045428145753895,0.019969278033794162,9.630597014925373,0.48906277065491205,0.015106665305705829,0.016535674185975298,0.046060018372971315,499.22549019607845,0,0,22.13403709618128,5.862745098039215,1.8235294117647058,186,101
194.0,199,1333.744097,0.02512562814070352,0.010527638190954773,0.03735408560311284,9.600746268656716,0.4899545259429781,0.015032248235234372,0.01670814077497334,0.04611243715402976,467.5,0,0,22.452650755683166,5.90566037735849,1.9433962264150944,206,105
198.0,199,1339.549838,0.005025125628140704,0.010500262506562665,0.0069821567106283944,9.634328358208956,0.4891021782047192,0.014906518443658413,0.016700353713996967,0.04608388074785245,532.9904761904762,0,0,21.92350720950837,5.886792452830188,1.9333333333333333,203,104
193.0,199,1345.348298,0.03015075376884422,0.01059754216627693,0.04977029096477795,9.671641791044776,0.4872254963589757,0.01501018278731803,0.016317602393583586,0.04626253991401202,481.77142857142854,0,0,22.297352294287883,5.914285714285715,1.838095238095238,193,104
197.0,199,1350.993238,0.010050251256281407,0.010594846151941976,0.004739336492890996,9.757462686567164,0.4868853351601645,0.015061295971978984,0.016212159119339504,0.046284713535151366,512.5728155339806,0,0,21.72915940668467,5.857142857142857,1.7864077669902914,184,102
197.0,199,1357.296043,0.010050251256281407,0.01059217656912011,0.01557632398753894,9.712686567164178,0.48644533228486236,0.014937635372320561,0.016356710732691015,0.04623198147733214,487.60526315789474,0,0,22.393010856017074,5.921052631578948,1.894736842105263,216,113
194.0,199,1362.767434,0.02512562814070352,0.010663071454835152,0.03802588996763754,9.746268656716419,0.4840312957911572,0.014741953866356136,0.0162533138425708,0.045910656326651963,464.1182795698925,0,0,22.288275034812752,5.903225806451613,1.89247311827957,176,92
197.0,199,1369.110651,0.010050251256281407,0.010660096599502367,0.009345794392523364,9.604477611940299,0.4896545587108118,0.01471966073277775,0.01642092805365156,0.04593421766359288,489.075,0,0,22.37664907099789,5.900826446280992,1.8583333333333334,223,119
199.0,199,1375.151449,0.0,0.01060859854829704,0.0,9.559701492537313,0.49327771417273963,0.01437789827514292,0.01619353730647496,0.0460289030105258,509.1121495327103,0,0,22.220075753363172,5.934579439252336,1.719626168224299,184,106
198.0,199,1380.980012,0.005025125628140704,0.010581754928488597,0.004702194357366771,9.656716417910447,0.48734089863891206,0.014137467952630937,0.016188499572701746,0.04573312171895983,516.0462962962963,0,0,22.514162240796917,5.925925925925926,1.8981481481481481,205,107
198.0,199,1386.584429,0.005025125628140704,0.010555168185424731,0.007177033492822967,9.735074626865671,0.48668608765177984,0.014215245547104707,0.015891915534711927,0.04551308531577285,515.9108910891089,0,0,22.090227185563155,5.910891089108911,1.9108910891089108,193,100
194.0,199,1392.621221,0.02512562814070352,0.010624551328068915,0.031496062992125984,9.593283582089553,0.4893285886175561,0.014100176554526327,0.01598664957554357,0.0455655791230319,493.83962264150944,0,0,22.27348486046343,5.897196261682243,1.849056603773585,196,105
197.0,199,1398.711159,0.010050251256281407,0.010621829526780823,0.014577259475218658,9.694029850746269,0.48837257155492025,0.013888888888888888,0.01569420373579819,0.045108800308107065,527.0948275862069,0,0,21.814728055305924,5.854700854700854,1.896551724137931,220,115
194.0,199,1404.64567,0.02512562814070352,0.01069024367118612,0.03257575757575758,9.686567164179104,0.490862603852006,0.014039963582347022,0.01550146149791557,0.04489913268484355,495.9504950495049,0,0,22.33374980981469,5.920792079207921,1.891089108910891,191,100
199.0,199,1411.14783,0.0,0.01064005473376271,0.0,9.563432835820896,0.4965487733659939,0.013687197462860958,0.015880964303598255,0.04490068435987314,470.39130434782606,0,0,22.4499390407817,5.904347826086957,1.8956521739130434,218,114
197.0,199,1417.305708,0.010050251256281407,0.010637298642746443,0.013066871637202153,9.723880597014926,0.49221265293986666,0.013362130346038828,0.015664309109033086,0.04419233872881758,478.9433962264151,0,0,22.466102057311815,5.90566037735849,1.7169811320754718,182,105
194.0,199,1423.587415,0.02512562814070352,0.010704686221806708,0.035982008995502246,9.585820895522389,0.4964712571378704,0.013631638631638632,0.015757890757890757,0.04398979398979399,512.0087719298245,0,0,22.20881499573464,5.862068965517241,1.8596491228070176,212,113
193.0,199,1429.939217,0.03015075376884422,0.010794714312302252,0.03730272596843615,9.597014925373134,0.4937812560722272,0.013475694362785447,0.01587450906610851,0.043649020483996145,519.1217391304348,0,0,22.314663695308447,5.905982905982906,1.8434782608695652,212,114
199.0,199,1436.1671,0.0,0.01074496908505662,0.0,9.694029850746269,0.49435536176247635,0.013085205992509364,0.015894194756554306,0.04349250936329588,505.8411214953271,0,0,22.223698945542054,5.916666666666667,1.8691588785046729,200,106
196.0,199,1441.924646,0.01507537688442211,0.010764833341017011,0.01992619926199262,9.91044776119403,0.48915123890769646,0.013141951719638363,0.015495386336098425,0.04348028707242054,521.2149532710281,0,0,21.769454269888197,5.908256880733945,1.8317757009345794,196,106
198.0,199,1448.247498,0.005025125628140704,0.010738624629999312,0.008797653958944282,9.76865671641791,0.4951347819987909,0.013383123811290996,0.015679361692257737,0.043025467365588904,515.7950819672132,0,0,22.135934416801028,5.9105691056910565,1.860655737704918,227,121
199.0,199,1454.330193,0.0,0.01068981269986295,0.0,9.720149253731343,0.49464485559209925,0.013229284510424122,0.015422621383880128,0.04241220880567035,499.72072072072075,0,0,22.5638307397476,5.945945945945946,1.981981981981982,220,110
196.0,199,1460.484134,0.01507537688442211,0.010709656881693536,0.024539877300613498,9.57089552238806,0.5008957467542231,0.013353559033763129,0.015491047829184767,0.04226711714817624,485.74257425742576,0,0,22.409119513788536,5.930693069306931,1.9405940594059405,196,100
196.0,199,1466.70315,0.01507537688442211,0.010729322287111232,0.023846153846153847,9.473880597014926,0.5036376408378006,0.013270792815467338,0.015307173092323533,0.04223773023681501,507.2718446601942,0,0,22.291057971639894,5.912621359223301,1.8446601941747574,190,102
198.0,199,1473.117557,0.005025125628140704,0.010703742929896117,0.00858034321372855,9.388059701492537,0.5082844309136068,0.013370384711750906,0.015238138623784252,0.04227501537480354,516.6194690265487,0,0,21.89685530875588,5.886956521739131,1.831858407079646,207,112
199.0,199,1479.274503,0.0,0.010655958363244795,0.0,9.347014925373134,0.510476933764991,0.013196680422656568,0.015260078907986032,0.042197632760419025,464.9238095238095,0,0,22.736039344219932,5.933333333333334,1.8,189,104
195.0,199,1485.447437,0.020100502512562814,0.010697934115019542,0.023919753086419752,9.324626865671641,0.5081498312488114,0.013341761293089826,0.015080027992866334,0.04250852202180735,518.0185185185185,0,0,22.193598587970992,5.935185185185185,1.8611111111111112,201,107
198.0,199,1490.996958,0.005025125628140704,0.010672833192511229,0.010092514718250631,9.33955223880597,0.5096180661632727,0.013102595797280594,0.014945499494325205,0.04164512866614226,501.55056179775283,0,0,22.15998853558524,5.888888888888889,1.8651685393258426,166,88
199.0,199,1496.893617,0.0,0.010625816306200606,0.0,9.25,0.511024045884313,0.013223251443146731,0.014878954669530585,0.04170582181053385,493.28846153846155,0,0,22.4189584299142,5.9326923076923075,1.8076923076923077,188,103
199.0,199,1502.919861,0.0,0.01057921184871727,0.0,9.313432835820896,0.504917488143233,0.013186911099726015,0.014657073485844118,0.0417659768783552,507.9714285714286,0,0,22.373990144797272,5.915094339622642,1.8571428571428572,195,104
197.0,199,1508.732215,0.010050251256281407,0.010576901977134581,0.0136,9.455223880597014,0.5022914722329462,0.012996229762696829,0.014504324683965402,0.041295187402971834,510.74038461538464,0,0,22.088885105401534,5.913461538461538,1.7596153846153846,183,103
199.0,199,1514.924847,0.0,0.010530915446799214,0.0,9.421641791044776,0.4994590802934785,0.013159928459449315,0.014286029720241119,0.04135662081300095,492.6607142857143,0,0,22.53322033494873,5.920353982300885,1.7589285714285714,197,111
198.0,199,1521.112362,0.005025125628140704,0.010507080858839652,0.007564296520423601,9.347014925373134,0.5012390995950176,0.012992723195638314,0.014531624420164002,0.04155033306219359,500.5213675213675,0,0,22.30912697854189,5.94017094017094,1.8205128205128205,213,116
198.0,199,1527.122009,0.005025125628140704,0.01048345174146595,0.009046052631578948,9.298507462686567,0.5033263460061954,0.013155302615738208,0.014556200065667067,0.04137025281821167,490.42857142857144,0,0,22.46813585450111,5.923809523809524,1.7142857142857142,180,104
198.0,199,1533.550742,0.005025125628140704,0.010460025449134082,0.009316770186335404,9.272388059701493,0.5062454399558792,0.012815203888150295,0.014820303816228233,0.04127890504108275,503.1504424778761,0,0,22.269752570623915,5.946902654867257,1.8672566371681416,211,112
199.0,199,1539.442552,0.0,0.010415324485676244,0.0,9.444029850746269,0.5033290396987189,0.012673061065057941,0.014387396380365436,0.04164315784905169,496.68518518518516,0,0,22.084261723483092,5.8807339449541285,1.8425925925925926,199,107
199.0,199,1545.264121,0.0,0.010371003955949962,0.0,9.328358208955224,0.5054853520132206,0.012445712063265703,0.014390354573150969,0.041377671182558716,505.11,0,0,22.192148201479675,5.910891089108911,1.96,196,99
199.0,199,1551.33613,0.0,0.010327059023933225,0.0,9.432835820895523,0.49918040141005443,0.012435456110154905,0.014500860585197934,0.0415447504302926,522.4821428571429,0,0,22.28702896652079,5.885964912280702,1.9553571428571428,219,111
197.0,199,1557.443559,0.010050251256281407,0.010325891058668872,0.00706436420722135,9.466417910447761,0.49947204052817806,0.012318700859095486,0.014225421513807656,0.0410694774728453,479.9339622641509,0,0,22.205739679866117,5.925233644859813,1.7735849056603774,188,105
194.0,199,1563.349633,0.02512562814070352,0.010388074827921118,0.036231884057971016,9.347014925373134,0.500364864804933,0.012139702587954172,0.014273217981267735,0.04121951739881803,483.88659793814435,0,0,22.251773837195447,5.917525773195877,1.9484536082474226,189,96
197.0,199,1569.441489,0.010050251256281407,0.010386661340173672,0.015278838808250574,9.242537313432836,0.5052791054451826,0.01230135123650888,0.01463839551287499,0.04100450412169627,489.7586206896552,0,0,22.457546365528536,5.931034482758621,1.6810344827586208,195,115
190.0,199,1575.669364,0.04522613065326633,0.010531825795644892,0.06607929515418502,9.317164179104477,0.5039900300397738,0.012315375174573618,0.014621862965000634,0.04081848575902493,479.4326923076923,0,0,22.28696252535044,5.903846153846154,1.7211538461538463,179,103
186.0,199,1581.475073,0.06532663316582915,0.010759190141579266,0.07383512544802867,9.302238805970148,0.5008622560133885,0.012203861394486131,0.014269454514796392,0.040742770424078915,494.38709677419354,0,0,22.446463523720308,5.935483870967742,1.903225806451613,177,92
192.0,199,1587.523048,0.035175879396984924,0.01086008555172557,0.052672347017815646,9.361940298507463,0.5002077584800071,0.012091695356453103,0.014232933075825006,0.04024267360819548,491.4056603773585,0,0,22.634149660441444,5.9245283018867925,1.7264150943396226,183,105
196.0,199,1593.985676,0.01507537688442211,0.010877432429637901,0.01529051987767584,9.223880597014926,0.5030004560582841,0.012209399565144673,0.014111891620672353,0.039889613647767184,449.8119658119658,0,0,22.747829243380128,5.915254237288136,1.8205128205128205,213,116
195.0,199,1600.132265,0.020100502512562814,0.010915231897190873,0.029784065524944156,9.26865671641791,0.5002578743994917,0.012159826764111854,0.0140754159118829,0.03983176130093489,486.8695652173913,0,0,22.379903225215177,5.921739130434783,1.7565217391304349,202,114
192.0,199,1606.26615,0.035175879396984924,0.01101425494821044,0.056589147286821705,9.317164179104477,0.5002374391847036,0.01202845351417491,0.014081586096766834,0.0392998610506232,499.02912621359224,0,0,22.35128047361401,5.941747572815534,1.854368932038835,191,102
193.0,199,1612.509583,0.03015075376884422,0.011092045593822772,0.04081632653061224,9.343283582089553,0.5001936931897694,0.012125092952160622,0.013798231843344626,0.03893662728249194,521.5526315789474,0,0,22.092066655354998,5.912280701754386,1.8508771929824561,211,113
196.0,199,1618.535933,0.01507537688442211,0.011108172441153134,0.01726844583987441,9.369402985074627,0.502244020836895,0.01211734693877551,0.013660302830809743,0.03912936142198815,488.56190476190477,0,0,22.474145412650632,5.923809523809524,1.8857142857142857,198,104
197.0,199,1624.306381,0.010050251256281407,0.011103906629923813,0.014925373134328358,9.41044776119403,0.5015981403747786,0.012129904722876754,0.013564183997541236,0.03886896834340744,508.53125,0,0,22.012598293013664,5.875,1.9375,186,95
198.0,199,1630.650406,0.005025125628140704,0.01107949385481625,0.007165605095541401,9.436567164179104,0.5005942145949966,0.012162520662000286,0.013366528579882865,0.038773136338591516,497.6517857142857,0,0,22.199334131897526,5.902654867256637,1.8839285714285714,211,111
197.0,199,1636.683843,0.010050251256281407,0.01107537688442211,0.012872083668543845,9.436567164179104,0.5032464728543901,0.01201219512195122,0.01298780487804878,0.03863821138211382,465.52,0,0,22.37895651091667,5.93,1.89,189,99
194.0,199,1642.723537,0.02512562814070352,0.011131353981060682,0.032005689900426744,9.537313432835822,0.5003583302677597,0.012025752115641575,0.013038020812244403,0.03836498360124711,497.6216216216216,0,0,22.37740893596547,5.910714285714286,1.882882882882883,209,110
198.0,199,1649.195377,0.005025125628140704,0.011107122916168142,0.0065040650406504065,9.529850746268657,0.5030395328389752,0.011957573802226165,0.012723826423616712,0.03829246652685917,503.75728155339806,0,0,22.07129151021536,5.922330097087379,1.766990291262136,182,102
199.0,199,1655.206364,0.0,0.011063221244562734,0.0,9.701492537313433,0.49612322694723726,0.012050370548894379,0.012652889076339097,0.03795866722901729,519.2149532710281,0,0,22.399860863655594,5.925233644859813,1.8878504672897196,202,106
199.0,199,1661.510673,0.0,0.011019665255410913,0.0,9.626865671641792,0.5009344302209274,0.01194238847769554,0.01248249649929986,0.0375875175035007,502.6880733944954,0,0,21.96854074153774,5.908256880733945,1.908256880733945,208,108
199.0,199,1668.17653,0.0,0.010976450881860281,0.0,9.48134328358209,0.5081880837588653,0.01199466018450258,0.012253681085496822,0.03751818127478133,484.69827586206895,0,0,22.349527495904848,5.948275862068965,1.9224137931034482,223,115
199.0,199,1674.240289,0.0,0.010933574120603015,0.0,9.42910447761194,0.508709797555446,0.012106056997697864,0.012443438914027148,0.037052472810986746,466.2952380952381,0,0,22.504344278356225,5.904761904761905,1.7619047619047619,185,104
195.0,199,1680.416823,0.020100502512562814,0.010969243102672898,0.02661290322580645,9.350746268656716,0.5101879058709439,0.0117826147124528,0.012415238321175099,0.03702825059802701,491.078431372549,0,0,22.11394563613615,5.921568627450981,1.9411764705882353,198,101
199.0,199,1686.536165,0.0,0.010926726656538507,0.0,9.347014925373134,0.5106432050080744,0.011815210113819858,0.012209050450947187,0.03721791185853255,498.56310679611653,0,0,21.971589951846966,5.913461538461538,1.7281553398058251,178,102
198.0,199,1692.47346,0.005025125628140704,0.010903940552181758,0.0041390728476821195,9.421641791044776,0.5047731625598462,0.011906630051000393,0.012181247548058062,0.03719105531581012,530.4545454545455,0,0,21.932171152849424,5.891891891891892,1.8545454545454545,204,109
194.0,199,1698.389893,0.02512562814070352,0.01095863935059915,0.03108003108003108,9.507462686567164,0.5054484119405405,0.011998280376753821,0.012213233282526282,0.03681557040684723,512.1111111111111,0,0,22.059851295321383,5.92,1.8888888888888888,187,98
196.0,199,1704.367885,0.01507537688442211,0.010974412291341766,0.024962178517397883,9.51865671641791,0.5053646438087653,0.01191356823048472,0.012030367919018882,0.03685030173252871,521.3177570093458,0,0,22.249203797950166,5.906542056074766,1.97196261682243,211,106
199.0,199,1710.899732,0.0,0.010932525221527484,0.0,9.597014925373134,0.49860427409373337,0.011790028893327387,0.011945160852450116,0.03664992534274467,513.2710280373832,0,0,22.271578647971594,5.916666666666667,1.8598130841121496,199,106
197.0,199,1717.198622,0.010050251256281407,0.010929170567667233,0.009687034277198211,9.58955223880597,0.5031155065294877,0.011551983927674536,0.012034926399567283,0.03631727388633466,495.8421052631579,0,0,22.249324327981864,5.9035087719298245,1.8771929824561404,214,113
199.0,199,1723.553433,0.0,0.010887772194304857,0.0,9.578358208955224,0.5068061344264607,0.011815645145771192,0.011777157702299625,0.03617819686327336,469.6842105263158,0,0,22.444786032336076,5.9298245614035086,1.7543859649122806,200,113
197.0,199,1730.048702,0.010050251256281407,0.010884611737934959,0.015781922525107604,9.406716417910447,0.51098306144265,0.011962731490356964,0.011636823741420959,0.03644415474866761,493.62931034482756,0,0,21.9764877987699,5.923076923076923,1.8706896551724137,217,115
199.0,199,1736.921777,0.0,0.010843692144935203,0.0,9.25,0.515248858237764,0.012184641240618018,0.011745383014075362,0.03617196004659957,480.3471074380165,0,0,22.743015765870584,5.926229508196721,1.7851239669421488,216,120
199.0,199,1742.807807,0.0,0.010803079065740689,0.0,9.276119402985074,0.5164910238943384,0.012005327245053272,0.01173896499238965,0.03628234398782344,480.8018867924528,0,0,21.952992704092317,5.877358490566038,1.7641509433962264,187,105
199.0,199,1748.841411,0.0,0.01076276906922673,0.0,9.485074626865671,0.5083249923959356,0.012111677628461494,0.011637824826096021,0.036353986997479104,523.5192307692307,0,0,21.864343402788343,5.904761904761905,1.875,195,103
196.0,199,1754.732304,0.01507537688442211,0.010778801068539725,0.026984126984126985,9.462686567164178,0.5084482225304483,0.011972429421206686,0.011575866301576811,0.03601170805400812,478.53921568627453,0,0,22.108989138007438,5.902912621359223,1.8137254901960784,185,101
198.0,199,1760.687765,0.005025125628140704,0.01075749115950121,0.009478672985781991,9.432835820895523,0.5061091370644307,0.011909017364965288,0.011570372321411773,0.03583993377608037,514.8504672897196,0,0,22.004947246016986,5.906542056074766,1.8598130841121496,199,106
195.0,199,1766.913896,0.020100502512562814,0.010791967216154573,0.030257186081694403,9.488805970149254,0.5061653363513628,0.011996700907250506,0.011434355552223139,0.035990102721751516,529.2129629629629,0,0,21.979251264891992,5.907407407407407,1.8703703703703705,202,107
196.0,199,1772.785536,0.01507537688442211,0.010807715045817321,0.02737642585551331,9.615671641791044,0.49943820670397493,0.011971462722247124,0.011261766024204393,0.03587703570894965,496.22330097087377,0,0,21.89206105794179,5.895238095238096,1.9805825242718447,204,102
195.0,199,1778.340491,0.020100502512562814,0.010841754560347526,0.020798668885191347,9.567164179104477,0.4991092742528081,0.011909414019613316,0.01131394331863265,0.03585850127467947,503.35869565217394,0,0,22.20106344980618,5.9021739130434785,1.8804347826086956,173,91
183.0,199,1784.290055,0.08040201005025126,0.011095624105931115,0.09494163424124513,9.649253731343284,0.4975928968254042,0.0116835428952932,0.011108638403620044,0.03564407848373577,473.41584158415844,0,0,21.86987381986975,5.836538461538462,1.891089108910891,191,100
193.0,199,1789.993278,0.03015075376884422,0.011164915486523527,0.03472770323599053,9.529850746268657,0.4993278031978977,0.011697311281530075,0.010976623856601682,0.035553912963134066,513.1875,0,0,22.313048376802545,5.896907216494846,1.84375,177,95
195.0,199,1795.655464,0.020100502512562814,0.011197290801835263,0.0315955766192733,9.712686567164178,0.4941948740741533,0.011655312097219666,0.011047689191677408,0.03538943104400663,493.84,0,0,22.198703876192006,5.9,1.88,188,99
196.0,199,1801.558883,0.01507537688442211,0.011211291112602724,0.02106084243369735,9.604477611940299,0.49728985761044336,0.011668440171724213,0.010879536197849779,0.03467508164238799,490.1782178217822,0,0,22.5818024355108,5.930693069306931,1.8712871287128714,189,100
199.0,199,1807.686441,0.0,0.011170962727305592,0.0,9.496268656716419,0.5003981466515549,0.011552874508728635,0.010821679919568596,0.03464034366145691,505.41747572815535,0,0,22.423989001333666,5.932038834951456,1.970873786407767,203,102
199.0,199,1814.438748,0.0,0.011130923434376182,0.0,9.414179104477611,0.5057408527931843,0.011875273204138132,0.010818883870027685,0.03435086696779834,482.8429752066116,0,0,22.570361510940163,5.950413223140496,1.8677685950413223,226,120
198.0,199,1820.580499,0.005025125628140704,0.011109117013639628,0.008888888888888889,9.552238805970148,0.4998626093687328,0.011723712387935101,0.010816304308373562,0.034463358861747305,531.1623931623932,0,0,21.52813704717273,5.8559322033898304,2.0256410256410255,237,116
196.0,199,1826.566997,0.01507537688442211,0.01112323181745024,0.021617293835068056,9.60820895522388,0.5019639707753049,0.011844913016745633,0.01068754747007125,0.034467792686896453,551.7075471698113,0,0,21.80625218159466,5.88785046728972,1.990566037735849,211,105
199.0,199,1832.635957,0.0,0.011083787732991197,0.0,9.555970149253731,0.5069154053629318,0.011766401787484008,0.01066724327441123,0.03423608483341442,491.0943396226415,0,0,22.442476510978857,5.925233644859813,1.669811320754717,177,105
199.0,199,1838.996359,0.0,0.011044622405312784,0.0,9.67910447761194,0.5037821479373759,0.011796179258833668,0.010629129560471129,0.0339162596954898,492.78688524590166,0,0,22.159260137451117,5.895161290322581,1.959016393442623,239,121
198.0,199,1844.671183,0.005025125628140704,0.011023426994125557,0.009401709401709401,9.776119402985074,0.501363893478292,0.011915411314273447,0.010448348659963502,0.03372455004114932,522.6842105263158,0,0,22.024149737370376,5.885416666666667,1.9157894736842105,182,94
195.0,199,1850.987836,0.020100502512562814,0.011055276381909548,0.03178294573643411,9.772388059701493,0.5001925384958096,0.011838328370981832,0.010643798249211075,0.03366078910303268,520.8991596638656,0,0,22.144807480954107,5.932773109243698,1.781512605042017,212,118
199.0,199,1857.023591,0.0,0.011016621569385389,0.0,9.697761194029852,0.49932607476564655,0.011707646389994315,0.0104107447413303,0.033435190449118815,463.8020833333333,0,0,22.329682229694917,5.857142857142857,1.7916666666666667,172,95
197.0,199,1863.33411,0.010050251256281407,0.011013254425437291,0.015706806282722512,9.701492537313433,0.5004572781378372,0.011755333274320616,0.010480658581924405,0.033725767902983095,499.83898305084745,0,0,22.108945193215085,5.923728813559322,1.9576271186440677,231,117
194.0,199,1869.39658,0.02512562814070352,0.011062255723059742,0.03860160233066278,9.626865671641792,0.5014443315195777,0.0118209566153249,0.010497715203161664,0.0336632615254327,482.56880733944956,0,0,22.641567800798942,5.91743119266055,1.798165137614679,196,108
197.0,199,1875.403528,0.010050251256281407,0.011058753977499957,0.014095536413469069,9.656716417910447,0.49764239671990407,0.011586609466207187,0.010602011393206273,0.033476334482031085,494.6542056074766,0,0,22.000638297718545,5.8558558558558556,1.841121495327103,197,106
193.0,199,1881.188253,0.03015075376884422,0.011124588459539075,0.04788961038961039,9.723880597014926,0.4926005879578407,0.011740174175121344,0.010390930277383519,0.03327550859485885,519.4324324324324,0,0,22.136173505842535,5.882882882882883,1.864864864864865,207,110
192.0,199,1886.714334,0.035175879396984924,0.011207238943860194,0.0514018691588785,9.76865671641791,0.49282726749755834,0.011648416898063254,0.010443408253436022,0.033390964181554635,508.4313725490196,0,0,21.898847402121614,5.892156862745098,1.8333333333333333,187,101
196.0,199,1892.414342,0.01507537688442211,0.011220485991601845,0.018619084561675717,9.813432835820896,0.4878646772578893,0.011469446716675078,0.010372974572288841,0.03305080320935656,516.2121212121212,0,0,22.28822068059225,5.9,1.8181818181818181,180,98
197.0,199,1898.374781,0.010050251256281407,0.011216492016395973,0.009538950715421303,9.921641791044776,0.4832934289654041,0.01123946300343428,0.010233461685225657,0.032434870087071146,526.64,0,0,21.981151437310146,5.92,2.0,200,99
191.0,199,1904.423911,0.04020100502512563,0.011315078795337231,0.05373134328358209,9.89179104477612,0.4841264808888158,0.011098625637479471,0.010147808799377647,0.03206845881234333,523.7009345794393,0,0,21.955363948419926,5.907407407407407,1.794392523364486,192,106
197.0,199,1910.428525,0.010050251256281407,0.01131079124435738,0.0186536901865369,9.798507462686567,0.4884663723905233,0.011198787085214155,0.01018228179594087,0.0319596154508804,500.58490566037733,0,0,22.375842158761248,5.943396226415095,1.820754716981132,193,105
193.0,199,1915.995933,0.03015075376884422,0.011374439766399565,0.0408981555733761,9.91044776119403,0.48511693790490146,0.011058641710311668,0.010131364299819695,0.032145616897055036,517.0096153846154,0,0,21.866735087654124,5.885714285714286,1.9711538461538463,205,103
198.0,199,1921.724119,0.005025125628140704,0.011353061604317885,0.005455962587685113,9.921641791044776,0.48658347762373655,0.011055396779217222,0.010079920592815704,0.031951123508976095,528.8148148148148,0,0,21.96716515598817,5.872727272727273,1.9351851851851851,209,107
197.0,199,1927.921867,0.010050251256281407,0.011348689757512393,0.016417910447761194,9.917910447761194,0.4892919684698185,0.010984137813406106,0.010165444311785775,0.031860822104724545,501.990990990991,0,0,22.168102346014226,5.900900900900901,1.8918918918918919,210,110
195.0,199,1934.298559,0.020100502512562814,0.011377960034285138,0.0258751902587519,9.869402985074627,0.4914774266744653,0.01091372715682108,0.010318742031449214,0.031840203994900125,489.05357142857144,0,0,22.264977198284246,5.928571428571429,1.8214285714285714,204,111
195.0,199,1940.310723,0.020100502512562814,0.011407035175879397,0.03188180404354588,9.89179104477612,0.493199004676965,0.011013215859030838,0.010216875635377837,0.03153168417485598,490.34,0,0,22.527316294584537,5.93,1.76,176,99
194.0,199,1945.705162,0.02512562814070352,0.011452611896692767,0.035398230088495575,9.92910447761194,0.4888122654543492,0.010723815313946027,0.010386057351302058,0.030989293072584186,506.7244897959184,0,0,22.15275527977119,5.918367346938775,1.7448979591836735,171,97
194.0,199,1951.854647,0.02512562814070352,0.011497886784917968,0.04066265060240964,9.925373134328359,0.48765077812199764,0.010587799622946405,0.010419472124966335,0.03098909237813089,504.41509433962267,0,0,22.382961803836405,5.925233644859813,1.8962264150943395,201,105
191.0,199,1957.658126,0.04020100502512563,0.01159261654808697,0.04806201550387597,9.906716417910447,0.48929902152988186,0.01046997432842833,0.010386080303360795,0.030772328394771724,511.84466019417476,0,0,22.453502261437027,5.912621359223301,1.9223300970873787,198,102
190.0,199,1963.580182,0.04522613065326633,0.011703253107643481,0.05161787365177196,9.951492537313433,0.48619107022243635,0.010336349495726638,0.010336349495726638,0.030975597517938082,521.1792452830189,0,0,21.878893143293965,5.897196261682243,1.9433962264150944,206,105
194.0,199,1969.851452,0.02512562814070352,0.01174726089463712,0.02857142857142857,9.794776119402986,0.48812606940739744,0.010319590550656019,0.010369604721337713,0.03095877165196806,508.5877192982456,0,0,22.56391224264039,5.9298245614035086,1.7280701754385965,197,113
197.0,199,1975.854431,0.010050251256281407,0.011741715111505239,0.014296463506395787,9.865671641791044,0.4902636984022495,0.010468594217347957,0.01030242605516783,0.031272848122299766,482.27272727272725,0,0,22.348682849182786,5.891891891891892,1.9090909090909092,210,109
196.0,199,1981.891248,0.01507537688442211,0.011752573944641775,0.017397355601948505,9.73134328358209,0.4931684923374319,0.010368358288061482,0.010268981052073672,0.03125414071816616,489.76785714285717,0,0,22.196258600153385,5.920353982300885,1.7589285714285714,197,111
195.0,199,1987.639156,0.020100502512562814,0.011779677608823338,0.0339652448657188,9.861940298507463,0.4849709953845647,0.010334978785227255,0.010153373726700896,0.031170031863432996,519.1538461538462,0,0,22.184911566808783,5.903846153846154,1.9134615384615385,199,103
195.0,199,1994.004212,0.020100502512562814,0.01180660584475777,0.026726057906458798,9.832089552238806,0.4857946092072326,0.010433466083006944,0.010219530658591975,0.03128394167791199,495.96666666666664,0,0,22.142331916967564,5.916666666666667,1.8833333333333333,226,119
194.0,199,1999.830589,0.02512562814070352,0.011849570432809207,0.02809415337889142,9.82089552238806,0.48641760655476174,0.01051509186351706,0.010219816272965879,0.031167979002624673,498.9906542056075,0,0,22.34390339801055,5.934579439252336,1.7289719626168225,185,106
193.0,199,2005.794315,0.03015075376884422,0.01190841668147813,0.041044776119402986,9.753731343283581,0.48936469302189356,0.010498258466469347,0.010007685640933397,0.030857030726211307,481.6857142857143,0,0,22.538924175766976,5.942857142857143,1.9619047619047618,206,104
196.0,199,2011.980155,0.01507537688442211,0.011918567194949105,0.014657980456026058,9.701492537313433,0.4916025579362315,0.010318016593587508,0.010057213646514206,0.0307095470178813,482.77,0,0,22.54047022650523,5.93,2.01,201,99
199.0,199,2018.307072,0.0,0.011880488705508372,0.0,9.667910447761194,0.4928891578036801,0.01023591343341782,0.009943458763891596,0.03078897770845519,493.5689655172414,0,0,21.990998307846542,5.906779661016949,1.9482758620689655,226,115
198.0,199,2024.443931,0.005025125628140704,0.011858656339019941,0.006896551724137931,9.664179104477611,0.49173750962239826,0.010154503935477602,0.010138308554400285,0.030674051760437922,511.66346153846155,0,0,22.114212189414964,5.885714285714286,1.8365384615384615,191,103
199.0,199,2030.549008,0.0,0.01182100981095956,0.0,9.757462686567164,0.48851581415720113,0.010057308903059165,0.010041165550084753,0.030317216885947212,495.60377358490564,0,0,22.143446520887192,5.9245283018867925,1.8018867924528301,191,105
197.0,199,2036.369586,0.010050251256281407,0.011815406144647288,0.01721311475409836,9.847014925373134,0.48462268132265707,0.010025425638054778,0.009928872582150559,0.030494673489749283,511.59615384615387,0,0,21.846261092194116,5.904761904761905,1.9519230769230769,203,103
199.0,199,2042.092482,0.0,0.011778133570058495,0.0,9.869402985074627,0.4863019256603094,0.010121749731316469,0.00992926003753549,0.030236922731428754,517.8888888888889,0,0,22.504803558839214,5.898148148148148,1.8518518518518519,200,107
198.0,199,2047.586387,0.005025125628140704,0.011756897696027306,0.009584664536741214,10.115671641791044,0.4790991109911197,0.009913813780201154,0.009913813780201154,0.030445002318553224,521.6315789473684,0,0,21.829596856964415,5.816326530612245,1.831578947368421,174,94
199.0,199,2053.516004,0.0,0.011720042217356374,0.0,9.992537313432836,0.48275379528027385,0.00986642863973987,0.009882367942873537,0.03034843316650196,503.1388888888889,0,0,22.152245771355116,5.916666666666667,1.9074074074074074,206,107
198.0,199,2059.686535,0.005025125628140704,0.011699120603015076,0.00818452380952381,9.925373134328359,0.48246103421980335,0.009898944959959324,0.009644718444133723,0.030189398754290074,501.8264462809917,0,0,22.113832116410876,5.89344262295082,1.834710743801653,222,120
199.0,199,2065.269173,0.0,0.011662674744438705,0.0,10.011194029850746,0.47868912959555526,0.00982022649877247,0.00959847944880019,0.03003088619624614,479.494623655914,0,0,22.550943800542345,5.903225806451613,1.8279569892473118,170,92
199.0,199,2071.204789,0.0,0.011626455257654733,0.0,9.794776119402986,0.48622053213962185,0.009852527868127703,0.009489373796065305,0.029541794296902138,462.02912621359224,0,0,22.526853890542682,5.923076923076923,1.7281553398058251,178,102
198.0,199,2076.850412,0.005025125628140704,0.011606017704622182,0.009732360097323601,9.746268656716419,0.48907730693769047,0.009806081974438078,0.009569980482276648,0.029670087514953095,521.3333333333334,0,0,21.88168822163216,5.84375,1.913978494623656,178,92
195.0,199,2083.595362,0.020100502512562814,0.011632235250325702,0.024571854058078928,9.75,0.49030850270723075,0.009901611561818381,0.009462237356222637,0.02942237983900074,508.65811965811963,0,0,22.30495338764419,5.898305084745763,1.794871794871795,210,116
196.0,199,2089.577136,0.01507537688442211,0.011642829532276768,0.025056947608200455,9.772388059701493,0.48944132393890105,0.009965114278115857,0.009292429954789357,0.028894138260094175,510.65346534653463,0,0,22.021583387891205,5.891089108910891,1.8514851485148516,187,100
199.0,199,2095.855361,0.0,0.011607115331257514,0.0,9.75,0.49195387190858264,0.00994978322572596,0.009325972365178879,0.028710894856679454,526.1739130434783,0,0,21.93942235608648,5.913043478260869,1.991304347826087,229,114
197.0,199,2102.459331,0.010050251256281407,0.011602354279040463,0.010279001468428781,9.58955223880597,0.4933397728583308,0.010059235995584509,0.009483978295682458,0.029073835103157697,463.6585365853659,0,0,22.32309567361773,5.888,1.8455284552845528,227,122
196.0,199,2107.975043,0.01507537688442211,0.011612942762593455,0.019867549668874173,9.567164179104477,0.4928668295930447,0.010059676044330775,0.009269162210338681,0.029171510501433774,481.43956043956047,0,0,22.262665526400735,5.912087912087912,1.8461538461538463,168,90
195.0,199,2113.808301,0.020100502512562814,0.01163874081654473,0.03228410008071025,9.720149253731343,0.4900878724254627,0.010013908205841447,0.009163962293308608,0.029330860763405964,504.4433962264151,0,0,22.033290470779896,5.933962264150943,1.6886792452830188,179,105
196.0,199,2119.784499,0.01507537688442211,0.011649154865235267,0.025404157043879907,9.604477611940299,0.49445093651829436,0.009968261793978986,0.009244137676023789,0.02921147505623517,487.32380952380953,0,0,22.464913943899997,5.933333333333334,1.7523809523809524,184,104
188.0,199,2126.239024,0.05527638190954774,0.01178095917654739,0.05977859778597786,9.593283582089553,0.49215644326986946,0.0101545457338618,0.009294251390297109,0.029142470888253908,478.0689655172414,0,0,22.62330768950243,5.931034482758621,1.8189655172413792,211,115
196.0,199,2132.491532,0.01507537688442211,0.011790882121450626,0.01347517730496454,9.664179104477611,0.4885029184018817,0.010016847909327616,0.009404196661050697,0.029223464542809007,503.84615384615387,0,0,21.97620550727971,5.890756302521009,1.8461538461538463,216,116
199.0,199,2138.545284,0.0,0.011755474067031856,0.0,9.66044776119403,0.4880568279365798,0.00986425201178824,0.009360350593229398,0.029409519155888776,482.10185185185185,0,0,22.04364461214658,5.8807339449541285,1.8888888888888888,204,107
198.0,199,2144.507751,0.005025125628140704,0.01173532332320284,0.0030816640986132513,9.548507462686567,0.4901786700285343,0.010062873932437164,0.009347359447074764,0.02953400216176717,494.8952380952381,0,0,22.17463582102452,5.878504672897196,1.819047619047619,191,104
195.0,199,2150.432148,0.020100502512562814,0.011760294007350184,0.031198686371100164,9.485074626865671,0.4906649653875173,0.010215233295892657,0.009395586047782399,0.02927962114082754,473.42424242424244,0,0,22.69670912390404,5.91919191919192,1.7272727272727273,171,98
196.0,199,2156.45164,0.01507537688442211,0.011770160325436707,0.016129032258064516,9.597014925373134,0.4890426574969727,0.009988195768637066,0.009503919610157693,0.029162504918429734,476.1727272727273,0,0,22.20982111211379,5.882882882882883,1.8727272727272728,206,109
196.0,199,2162.370786,0.01507537688442211,0.011779968089706693,0.02779984114376489,9.716417910447761,0.4857802115939265,0.00997374536017141,0.009505990282765489,0.029166792407278874,534.7623762376238,0,0,22.07725171511358,5.911764705882353,1.9801980198019802,200,100
196.0,199,2168.044008,0.01507537688442211,0.011789717819868574,0.021360759493670885,9.847014925373134,0.48089365561256425,0.009778847600421242,0.009432826839175568,0.029156010230179028,503.0769230769231,0,0,21.85437292891305,5.865384615384615,1.7980769230769231,187,103
193.0,199,2173.805971,0.03015075376884422,0.011843880167800655,0.04667721518987342,9.645522388059701,0.4839435130237727,0.00994554700508528,0.009420518128497068,0.028861587387306303,482.0,0,0,22.498564781549067,5.925233644859813,2.0093457943925235,215,106
198.0,199,2179.798178,0.005025125628140704,0.01182382500738989,0.00830188679245283,9.652985074626866,0.4835250352635725,0.00978148696549558,0.009362707707033995,0.0285368151837394,491.4622641509434,0,0,22.115145442526746,5.869158878504673,1.849056603773585,196,105
191.0,199,2185.876029,0.04020100502512563,0.011907042544098793,0.05314009661835749,9.664179104477611,0.4830426346020239,0.009723796456481536,0.009350951500328103,0.028470440851876156,512.3942307692307,0,0,22.33546871206598,5.903846153846154,1.7596153846153846,183,103
199.0,199,2191.758422,0.0,0.01187222663022716,0.0,9.578358208955224,0.48567609778974685,0.00951658711394626,0.0092043240992699,0.028282107329259044,502.92,0,0,21.986721617563553,5.881188118811881,1.79,179,99
196.0,199,2197.723052,0.01507537688442211,0.011881565260705862,0.012718600953895072,9.57089552238806,0.4874109405654561,0.009429626225035953,0.00920722938010586,0.02825922576245052,478.1333333333333,0,0,22.190062294773877,5.923809523809524,1.9523809523809523,205,104
195.0,199,2203.121278,0.020100502512562814,0.011905457520158935,0.02350265352539803,9.559701492537313,0.4880980801197974,0.00934330741255433,0.009225037698471364,0.027985571094881877,498.79,0,0,22.179437338181057,5.92,1.74,174,99
195.0,199,2209.347565,0.020100502512562814,0.011929211273760105,0.024830699774266364,9.462686567164178,0.49144317198004284,0.009316449725076286,0.009316449725076286,0.027949349175228858,471.25471698113205,0,0,22.13045715432349,5.897196261682243,1.9150943396226414,203,105
197.0,199,2215.438991,0.010050251256281407,0.011923780753478375,0.011146496815286623,9.630597014925373,0.4860008150679058,0.009215980245171533,0.009333568509862715,0.027927212864156156,500.0693069306931,0,0,22.056502162694223,5.882352941176471,1.8316831683168318,185,100
194.0,199,2221.570879,0.02512562814070352,0.011961826423182194,0.04389465283320032,9.58955223880597,0.4881132169121463,0.009189775458755937,0.009233745676261946,0.027862461159641205,476.59223300970876,0,0,22.6287680399414,5.932038834951456,1.8640776699029127,192,102
196.0,199,2227.303658,0.01507537688442211,0.011970773407266216,0.014061207609594707,9.537313432835822,0.48812181794074777,0.009178066175610896,0.009090377645270665,0.027680346077399744,493.94897959183675,0,0,22.039079146838077,5.908163265306122,1.9489795918367347,191,97
198.0,199,2233.548928,0.005025125628140704,0.011950871837698522,0.004758128469468675,9.41044776119403,0.4940771928067582,0.009151584040103756,0.00899128559354143,0.027556760222669115,470.4727272727273,0,0,22.751569818132847,5.945454545454545,1.7181818181818183,189,109
197.0,199,2239.859097,0.010050251256281407,0.011945441493180187,0.01674641148325359,9.466417910447761,0.49773773041787894,0.009168979496941251,0.009096325142765807,0.02724538281579215,500.0091743119266,0,0,22.502021283910587,5.935779816513762,2.0,218,108
197.0,199,2246.192105,0.010050251256281407,0.01194004209079586,0.015418502202643172,9.533582089552239,0.49077558462650545,0.009287701402573316,0.009142807464935667,0.027182102700822997,527.362831858407,0,0,22.229333891211585,5.921052631578948,1.9469026548672566,220,112
199.0,199,2252.218954,0.0,0.01190612151667428,0.0,9.485074626865671,0.4923753079276508,0.009318789279780394,0.009188759661922993,0.027176190132196777,513.8828828828829,0,0,22.29577592177408,5.927927927927928,1.9639639639639639,218,110
199.0,199,2258.519557,0.0,0.011872393127108631,0.0,9.593283582089553,0.4902583712984162,0.00927766732935719,0.009191229434984297,0.027141498833088425,489.2758620689655,0,0,22.427884135988883,5.931034482758621,1.9827586206896552,230,115
199.0,199,2264.290238,0.0,0.011838855293416235,0.0,9.578358208955224,0.48968776352415666,0.009164954821656874,0.008949477827417293,0.02684843348225188,481.2156862745098,0,0,22.245995870752154,5.87378640776699,2.0,204,101
196.0,199,2270.243779,0.01507537688442211,0.011847972255644419,0.023520485584218515,9.626865671641792,0.4899982071863507,0.009182197137904856,0.009024624332106176,0.02683035138735693,491.26851851851853,0,0,22.067849420690415,5.908256880733945,1.8425925925925926,199,107
198.0,199,2276.163608,0.005025125628140704,0.01182880695612896,0.006092916984006093,9.645522388059701,0.4901337136633008,0.0091990800919908,0.008984815804133872,0.02704015312754439,506.6756756756757,0,0,22.21326656878231,5.936936936936937,1.7657657657657657,196,110
198.0,199,2282.011961,0.005025125628140704,0.011809749025238236,0.0075528700906344415,9.64179104477612,0.4923857060817175,0.009101915817961683,0.008959475820810484,0.02707784345844313,468.873786407767,0,0,22.27867524688801,5.894230769230769,1.7864077669902914,184,102
197.0,199,2288.280836,0.010050251256281407,0.011804834227000927,0.018376722817764167,9.682835820895523,0.4958210741813094,0.009005425982216415,0.008863384562938554,0.026760603391949092,474.8543689320388,0,0,22.69080659990457,5.912621359223301,1.9320388349514563,199,102
197.0,199,2294.676936,0.010050251256281407,0.01179994680925519,0.012801204819277108,9.5,0.5027258252275572,0.009051119704245103,0.008725336052918597,0.026940891514044107,490.12068965517244,0,0,22.179595349370228,5.905982905982906,1.9310344827586208,224,115
195.0,199,2300.616232,0.020100502512562814,0.011823003908431044,0.02633744855967078,9.492537313432836,0.5073329158372086,0.009012063169195129,0.008701302370257366,0.02682430714467328,526.743119266055,0,0,21.978004391640052,5.91743119266055,1.7889908256880733,195,108
192.0,199,2307.098458,0.035175879396984924,0.011887693314216512,0.04586466165413534,9.283582089552239,0.5121352776431448,0.009029949567520356,0.00881864029526949,0.02680810300622658,521.8245614035088,0,0,22.013999681328897,5.904347826086957,1.9824561403508771,226,113
196.0,199,2313.204756,0.01507537688442211,0.011896499069935312,0.02165196471531676,9.462686567164178,0.5122711386032599,0.008920794582900172,0.008653873170183473,0.026495462335983815,505.7319587628866,0,0,22.168123719091415,5.927835051546392,1.907216494845361,185,96
199.0,199,2318.925714,0.0,0.011863726345224746,0.0,9.39179104477612,0.516083614168734,0.008811868704557236,0.008643756741990166,0.026253484820890714,476.6458333333333,0,0,22.28989531831995,5.9375,1.7291666666666667,166,95
199.0,199,2325.291356,0.0,0.011831133690430172,0.0,9.485074626865671,0.5135884037037107,0.008717518860016765,0.008801341156747695,0.026152556580050293,520.1181818181818,0,0,22.254699311206934,5.90990990990991,1.8454545454545455,203,109
199.0,199,2331.267565,0.0,0.011798719625524885,0.0,9.477611940298507,0.5135909209943079,0.008707282074144248,0.008623692166232464,0.02642834255144262,467.6380952380952,0,0,22.06736953919362,5.886792452830188,1.6285714285714286,171,104
197.0,199,2336.972106,0.010050251256281407,0.011793942389543345,0.009259259259259259,9.496268656716419,0.5103779347014706,0.008669556518839614,0.008627875958652885,0.02632822051795043,519.1862745098039,0,0,21.985155890668885,5.893203883495145,1.7156862745098038,175,101
197.0,199,2342.689627,0.010050251256281407,0.011789191187545357,0.013980263157894737,9.60820895522388,0.5052127021802201,0.008562758926468347,0.008604325717373533,0.026491901403571973,544.4761904761905,0,0,21.955561540433436,5.877358490566038,1.9428571428571428,204,104
194.0,199,2348.787061,0.02512562814070352,0.01182543150535285,0.04256965944272446,9.585820895522389,0.5059653533552234,0.00859507786698357,0.008525985601171805,0.02648997471223071,482.287037037037,0,0,22.297598657807484,5.89908256880734,1.9074074074074074,206,107
197.0,199,2354.837321,0.010050251256281407,0.011820620718770002,0.012519561815336464,9.582089552238806,0.5062910976801397,0.008750895760983408,0.008571743564301858,0.026266468221156497,490.3867924528302,0,0,22.485305486925196,5.915094339622642,1.820754716981132,193,105
199.0,199,2360.887404,0.0,0.011788673095205758,0.0,9.522388059701493,0.5066943951069882,0.008644503387710787,0.008630760139081676,0.026400780616522134,489.1714285714286,0,0,21.948845743920746,5.904761904761905,1.8952380952380952,199,104
198.0,199,2366.833027,0.005025125628140704,0.011770442509041162,0.008553654743390357,9.585820895522389,0.5012256553442964,0.00863475007195625,0.008456572689519059,0.026301722838228642,513.373831775701,0,0,22.001274213591774,5.87962962962963,1.897196261682243,203,106
196.0,199,2373.19536,0.01507537688442211,0.011779326741233047,0.024719101123595506,9.455223880597014,0.509311494016191,0.008666293040994026,0.00857060841751302,0.026436294544609537,470.0086956521739,0,0,22.54674729011342,5.921739130434783,1.8,207,114
197.0,199,2379.212871,0.010050251256281407,0.011774691150120576,0.012160228898426323,9.526119402985074,0.5063685746196414,0.008629386263871091,0.008588488698639474,0.02592905635684489,522.0566037735849,0,0,22.282774682416385,5.933962264150943,1.849056603773585,196,105
198.0,199,2384.931069,0.005025125628140704,0.011756644183484266,0.006672226855713094,9.529850746268657,0.507125934050129,0.008728518599086361,0.00829345225146835,0.025709701979551882,539.4574468085107,0,0,21.647607284708446,5.88421052631579,2.021276595744681,190,93
199.0,199,2391.212184,0.0,0.011725293132328308,0.0,9.421641791044776,0.5091890529649385,0.00873208498867812,0.008474461363235753,0.025911513064229636,517.9174311926605,0,0,22.078459868334672,5.91743119266055,1.8623853211009174,203,108
197.0,199,2397.277433,0.010050251256281407,0.0117208382337218,0.01507936507936508,9.514925373134329,0.5031943002600533,0.008776437496619246,0.008478931140801645,0.025734299778222534,486.98130841121497,0,0,22.461382876728038,5.906542056074766,1.691588785046729,181,106
196.0,199,2403.022208,0.01507537688442211,0.011729736214227637,0.02081727062451812,9.503731343283581,0.5026568956821016,0.008726262408286577,0.008429542511868796,0.02592252913249892,512.8207547169811,0,0,21.93156460823456,5.915094339622642,1.9245283018867925,204,105
197.0,199,2409.374775,0.010050251256281407,0.011725293132328308,0.009917355371900827,9.5,0.5031707840691857,0.008568622967137918,0.008393753110665716,0.02577312653851845,471.23853211009174,0,0,22.272318594922993,5.9,1.871559633027523,204,108
199.0,199,2415.222825,0.0,0.011694355683430344,0.0,9.440298507462687,0.5073253456598311,0.008492084786691709,0.008116447544942312,0.025462838744298364,487.2142857142857,0,0,22.531793844952972,5.938775510204081,1.7346938775510203,170,97
198.0,199,2421.691421,0.005025125628140704,0.011676805078021688,0.00916030534351145,9.283582089552239,0.5131521160984844,0.008563247611656721,0.008161845379860313,0.02527496052878054,496.79338842975204,0,0,22.46275047541483,5.9421487603305785,1.8925619834710743,229,120
199.0,199,2427.427024,0.0,0.011646157295664676,0.0,9.425373134328359,0.5088800857211103,0.00846044010301987,0.00806010382054259,0.025221185796068697,496.3917525773196,0,0,22.331427020225846,5.908163265306122,1.8556701030927836,180,96
197.0,199,2433.588075,0.010050251256281407,0.011641979531163672,0.015567086730911787,9.436567164179104,0.5103032986974542,0.008331780552080283,0.008105518140921553,0.025075198977826285,482.19642857142856,0,0,22.467661710260575,5.911504424778761,1.7767857142857142,199,111
197.0,199,2440.290257,0.010050251256281407,0.011637823582665284,0.0136986301369863,9.332089552238806,0.5129877652298583,0.008429464629435425,0.008177244427924758,0.025022898939347678,488.9122807017544,0,0,22.403804324744804,5.904347826086957,1.8070175438596492,206,113
198.0,199,2445.854615,0.005025125628140704,0.011620603015075377,0.00338409475465313,9.376865671641792,0.5102034627485814,0.008341166968978802,0.008036648174873227,0.024891101431238332,482.8478260869565,0,0,22.453102378117304,5.923913043478261,1.7934782608695652,165,91
197.0,199,2452.416428,0.010050251256281407,0.01161652417933825,0.008995502248875561,9.41044776119403,0.511995591923481,0.008359084066238809,0.008055357472994745,0.024931991654121438,501.5966386554622,0,0,22.053576994611092,5.915966386554622,1.915966386554622,228,118
197.0,199,2458.41106,0.010050251256281407,0.011612466477465045,0.015965166908563134,9.399253731343284,0.5093542729746698,0.008350565704727158,0.008060798440525268,0.024696073653570065,474.1214953271028,0,0,22.284269561341482,5.925925925925926,1.8224299065420562,195,106
198.0,199,2464.57957,0.005025125628140704,0.011595444924882813,0.008403361344537815,9.414179104477611,0.5050425426368919,0.00830257090684568,0.008066105279751974,0.024894575741254057,520.1100917431193,0,0,21.89660169310493,5.882882882882883,2.036697247706422,222,108
198.0,199,2470.887185,0.005025125628140704,0.011578511112262343,0.00875796178343949,9.361940298507463,0.5040602801530836,0.008228619347737784,0.00813689906838402,0.024672755146162816,485.0183486238532,0,0,22.389258528821824,5.908256880733945,1.9357798165137614,211,108
197.0,199,2476.671834,0.010050251256281407,0.011574582423686556,0.01698841698841699,9.488805970149254,0.49972284208758133,0.008259710387369962,0.007919912175231324,0.024583093732029902,506.88235294117646,0,0,21.929732053463002,5.901960784313726,1.8333333333333333,187,101
199.0,199,2482.670122,0.0,0.011544904007215565,0.0,9.39179104477612,0.5054062702838735,0.008394707684285994,0.007938473571009581,0.02442807795085707,488.63106796116506,0,0,22.353323039928068,5.922330097087379,1.7281553398058251,178,102
195.0,199,2489.359422,0.020100502512562814,0.011566785333316197,0.02939118264520644,9.373134328358208,0.5081888982960706,0.008464438954622285,0.007983357170719022,0.02466519308282408,479.1475409836066,0,0,22.476349026099896,5.934426229508197,1.8114754098360655,221,121
195.0,199,2495.277606,0.020100502512562814,0.011588555019997948,0.02471042471042471,9.417910447761194,0.5059504393046953,0.008378185591077102,0.008092860385189029,0.02464172232669736,498.92929292929296,0,0,22.266611427919386,5.91919191919192,1.8181818181818181,180,98
196.0,199,2501.401373,0.01507537688442211,0.01159742734026366,0.009538950715421303,9.33955223880597,0.5062307058406871,0.008201705023220915,0.008175832136712332,0.02444987775061125,456.41747572815535,0,0,22.71569165182544,5.923076923076923,1.796116504854369,185,102
196.0,199,2507.339863,0.01507537688442211,0.01160625462337066,0.021739130434782608,9.444029850746269,0.5035620866992582,0.00833580654735022,0.00797450223879634,0.024207388673109925,507.6407766990291,0,0,22.303939202363576,5.922330097087379,1.7864077669902914,184,102
199.0,199,2513.434156,0.0,0.011576871700273519,0.0,9.42910447761194,0.5074362147744199,0.008430292421746293,0.007915465403624382,0.024312705930807248,512.5267857142857,0,0,22.424395784412244,5.919642857142857,1.8571428571428572,208,111
197.0,199,2519.734998,0.010050251256281407,0.011573016598142227,0.01841903300076746,9.451492537313433,0.5063625266572811,0.00847316190158294,0.007895446317384104,0.02441811202547084,505.0508474576271,0,0,22.036044805486732,5.923728813559322,1.9491525423728813,230,117
189.0,199,2525.63516,0.05025125628140704,0.011670442894573623,0.06610407876230662,9.488805970149254,0.5040703028193814,0.008375810045849235,0.007735457595860762,0.024384621295561078,491.2019230769231,0,0,22.345959474264625,5.913461538461538,1.75,182,103
197.0,199,2531.972407,0.010050251256281407,0.011666372061311584,0.009863429438543247,9.649253731343284,0.4999773382210257,0.008175883698054396,0.007677665785204206,0.024246605092042565,496.1545454545454,0,0,22.38768572935945,5.9363636363636365,1.8545454545454545,204,109
192.0,199,2537.778994,0.035175879396984924,0.011725293132328308,0.029770992366412213,9.623134328358208,0.5006126302491399,0.008130392119381682,0.007824546647806196,0.024212766499726014,522.7570093457944,0,0,22.145412056048965,5.934579439252336,1.9813084112149533,212,106
194.0,199,2543.954112,0.02512562814070352,0.011758793969849246,0.03464566929133858,9.548507462686567,0.5003192351382105,0.008097629187059047,0.00788152291362105,0.024127629822665735,508.9065420560748,0,0,22.103680338204903,5.925233644859813,1.9345794392523366,207,106
198.0,199,2549.642818,0.005025125628140704,0.01174200177947092,0.009884678747940691,9.440298507462687,0.5018964888003463,0.008140699694406756,0.007798333819408341,0.023952931032296513,529.6057692307693,0,0,21.934647048313032,5.903846153846154,1.8653846153846154,194,103
198.0,199,2556.127719,0.005025125628140704,0.011725293132328308,0.0071146245059288534,9.399253731343284,0.5045899125459845,0.008019124473507798,0.0077408583245848145,0.024107967265782116,503.0782608695652,0,0,22.062308561744235,5.905172413793103,1.791304347826087,206,114
197.0,199,2562.324455,0.010050251256281407,0.011721136700874098,0.017828200972447326,9.264925373134329,0.5084190231302462,0.00811274571652073,0.007772086098564183,0.024010194554492922,485.05825242718447,0,0,22.650123334308958,5.932038834951456,1.9902912621359223,205,102
194.0,199,2568.285963,0.02512562814070352,0.011754316135131102,0.03858267716535433,9.388059701492537,0.5058094940714383,0.008143281478125158,0.007765695010824146,0.024165533907264763,482.49038461538464,0,0,22.282940938205364,5.914285714285715,1.8269230769230769,190,103
197.0,199,2574.496464,0.010050251256281407,0.011750108567529003,0.012628255722178374,9.324626865671641,0.5084026725148961,0.008098030107094879,0.007683712287662118,0.02406809878341222,491.7029702970297,0,0,22.270909478945192,5.920792079207921,1.9504950495049505,197,100
199.0,199,2580.732509,0.0,0.01172116741342179,0.0,9.425373134328359,0.5061930075142397,0.008065324115820059,0.007689610259493037,0.024020639214507564,484.5132743362832,0,0,22.64122232163943,5.920353982300885,1.8053097345132743,204,112
199.0,199,2586.607546,0.0,0.011692368476288075,0.0,9.294776119402986,0.5107560251096074,0.008082751383562157,0.00777043486951416,0.023948430297200396,518.5648148148148,0,0,22.21243033992474,5.944444444444445,1.8703703703703705,202,107
196.0,199,2592.625293,0.01507537688442211,0.011700660163562913,0.01885369532428356,9.354477611940299,0.5082756754169593,0.008025622172650574,0.007502212030955972,0.024064404371720898,537.8660714285714,0,0,22.013450552706285,5.892857142857143,1.8839285714285714,211,111
192.0,199,2598.908561,0.035175879396984924,0.01175805678760551,0.0529595015576324,9.455223880597014,0.5046539197590859,0.008093491639211785,0.0074470068999813515,0.023944800149188785,500.5833333333333,0,0,22.37096525030254,5.944444444444445,1.8148148148148149,196,107
199.0,199,2604.973918,0.0,0.011729378600318667,0.0,9.511194029850746,0.5046844360923085,0.008098320807599773,0.007577448718902696,0.023848500632487536,521.6666666666666,0,0,22.08307520004229,5.886792452830188,1.7714285714285714,186,104
196.0,199,2610.994104,0.01507537688442211,0.011737519715365147,0.021806853582554516,9.470149253731343,0.5049934033292994,0.008053940368674998,0.007460101447482371,0.023642212049981442,486.83653846153845,0,0,22.51983562554009,5.923076923076923,1.6826923076923077,175,103
199.0,199,2617.260623,0.0,0.011709030589842417,0.0,9.492537313432836,0.5059911762341783,0.008009478088091918,0.007281343716447198,0.023621172666576165,500.0192307692308,0,0,22.0088966821844,5.914285714285715,1.8365384615384615,191,103
193.0,199,2623.527786,0.03015075376884422,0.011753683672600289,0.036348949919224556,9.402985074626866,0.5096463366164246,0.007990445938292581,0.007202482086134299,0.023638915564748467,469.8349514563107,0,0,22.313887449332494,5.912621359223301,1.9223300970873787,198,102
197.0,199,2629.56176,0.010050251256281407,0.011749569101546379,0.017432646592709985,9.440298507462687,0.5122489246854807,0.00793426595757747,0.007111362212751323,0.023311512054925754,501.1826923076923,0,0,22.52722955408195,5.9423076923076925,1.9807692307692308,206,103
195.0,199,2635.589102,0.020100502512562814,0.011769691832657261,0.03127221037668799,9.380597014925373,0.5110333122013226,0.00792756144779082,0.007118876663317568,0.023255813953488372,498.7155963302752,0,0,22.352943509794308,5.9,1.9174311926605505,209,108
199.0,199,2641.975449,0.0,0.011741399304213375,0.0,9.227611940298507,0.5179363769019207,0.008030508598877929,0.0072360138364318625,0.023358146015914343,488.3703703703704,0,0,22.220347799576317,5.91743119266055,1.8611111111111112,201,107
197.0,199,2648.814945,0.010050251256281407,0.011737343793307063,0.01639344262295082,9.279850746268657,0.5162962874247777,0.008084379953664187,0.007267406413851969,0.02332642360687721,508.61475409836066,0,0,22.286734772140846,5.950819672131147,1.8278688524590163,223,121
197.0,199,2654.650039,0.010050251256281407,0.011733307686759155,0.0036982248520710057,9.309701492537313,0.5128445237917248,0.008125828700718917,0.0072621552909119666,0.023331346479010303,512.561403508772,0,0,21.98934100657819,5.872881355932203,1.8421052631578947,210,113
199.0,199,2660.780761,0.0,0.011705304565788369,0.0,9.347014925373134,0.5106581761403357,0.007984855471688954,0.007159672839356358,0.02327500424726355,485.8857142857143,0,0,22.088423044905603,5.877358490566038,1.8571428571428572,195,104
194.0,199,2667.074736,0.02512562814070352,0.011737257717157215,0.030280649926144758,9.421641791044776,0.5080613264435462,0.00794188861985472,0.007191283292978208,0.023232445520581114,505.9908256880734,0,0,22.041100173301835,5.927272727272728,1.8990825688073394,207,108
199.0,199,2672.984924,0.0,0.011709378245144965,0.0,9.365671641791044,0.5086190512286077,0.008007343083853669,0.0070411478399497575,0.023285305378084275,505.98130841121497,0,0,21.98292337835116,5.91588785046729,1.9345794392523366,207,106
198.0,199,2678.903844,0.005025125628140704,0.01169353878396723,0.006289308176100629,9.425373134328359,0.5060066345060129,0.007867754256177934,0.00707254479077557,0.023229755292359964,522.2233009708738,0,0,22.062187659898623,5.894230769230769,1.970873786407767,203,102
196.0,199,2684.706589,0.01507537688442211,0.0117015336730936,0.019904458598726114,9.514925373134329,0.5036090482165381,0.007765076388638467,0.006971740410851875,0.023150986260863295,502.22115384615387,0,0,22.329138840956585,5.9326923076923075,1.9134615384615385,199,103
196.0,199,2690.651104,0.01507537688442211,0.011709490850478808,0.020594965675057208,9.477611940298507,0.5065003197886472,0.0077708090995215195,0.006979337802348031,0.023204499394404537,488.13461538461536,0,0,22.4482012798109,5.9423076923076925,1.9615384615384615,204,103
198.0,199,2697.282995,0.005025125628140704,0.011693762932308602,0.008130081300813009,9.503731343283581,0.507831301756861,0.00768062019213514,0.007058513883737902,0.02299400624499025,483.8859649122807,0,0,22.441133533515732,5.93859649122807,1.8859649122807018,215,113
199.0,199,2703.388175,0.0,0.011666312784580178,0.0,9.623134328358208,0.5044972519459038,0.007531091113073783,0.007077554722746043,0.022724560189053063,501.2477064220183,0,0,22.58028084349441,5.909090909090909,1.871559633027523,204,108
199.0,199,2709.405689,0.0,0.011638991208972261,0.0,9.544776119402986,0.505586456940996,0.007632315294397809,0.007096505328332441,0.02264690123236292,509.8,0,0,22.061610977357837,5.93,1.92,192,99
199.0,199,2715.371148,0.0,0.011611797304278401,0.0,9.522388059701493,0.5046698234389747,0.007626152237954956,0.006877791504323862,0.022427064525325478,524.0485436893204,0,0,22.160633418852225,5.923076923076923,1.7766990291262137,183,102
199.0,199,2721.461005,0.0,0.011584730177695002,0.0,9.444029850746269,0.5062479743296093,0.00763186897834872,0.006837870187122999,0.022433428534183425,488.0093457943925,0,0,22.262571297412627,5.91588785046729,1.8224299065420562,195,106
197.0,199,2727.501828,0.010050251256281407,0.011581161622063808,0.016962220508866616,9.57089552238806,0.5024440565825763,0.0076377394183021995,0.006916528730196264,0.022274769449042327,528.252427184466,0,0,22.102895543335244,5.894230769230769,1.9611650485436893,202,102
198.0,199,2733.694865,0.005025125628140704,0.011565950401660273,0.004524886877828055,9.578358208955224,0.5013603261020249,0.00761990138951143,0.006841397532378683,0.022470452239967915,509.0892857142857,0,0,22.18213100752093,5.9375,1.9017857142857142,213,111
197.0,199,2740.017659,0.010050251256281407,0.011562441838823748,0.016666666666666666,9.5,0.5023290041933473,0.007637540453074434,0.007096204766107679,0.02254780817887614,508.9824561403509,0,0,22.12454149124004,5.9298245614035086,1.9473684210526316,222,113
199.0,199,2745.758833,0.0,0.01153573873988882,0.0,9.638059701492537,0.49904240009602574,0.007514030103083101,0.006926996501279733,0.022530349637213235,473.0103092783505,0,0,22.593135867111442,5.927835051546392,1.7938144329896908,174,96
199.0,199,2751.712238,0.0,0.011509158696709354,0.0,9.582089552238806,0.5018748396081625,0.00747308868143324,0.007039696391130685,0.022653532147165967,515.6605504587156,0,0,21.961703838976625,5.918181818181818,1.926605504587156,210,108
199.0,199,2758.056902,0.0,0.011482700860624964,0.0,9.473880597014926,0.5032364054211307,0.007584256532510635,0.007081755714486047,0.022624222876641894,487.3613445378151,0,0,22.560506933432404,5.92436974789916,1.8067226890756303,215,118
198.0,199,2763.996365,0.005025125628140704,0.011467889908256881,0.009577015163607342,9.470149253731343,0.5069129426680828,0.007426839221172904,0.007065407485134663,0.022397108546111693,474.31,0,0,22.402064164115178,5.92,1.86,186,99
199.0,199,2770.097011,0.0,0.011441647597254004,0.0,9.48134328358209,0.5087560419460233,0.00733985506403471,0.0070606846654026455,0.02239179239028022,504.47222222222223,0,0,22.20736432054725,5.908256880733945,1.8981481481481481,205,107
196.0,199,2776.152818,0.01507537688442211,0.011449943782841147,0.026276276276276277,9.42910447761194,0.5115715665236358,0.0072535252132536416,0.007218708292230024,0.02232925201648001,489.22222222222223,0,0,22.298372870812898,5.909090909090909,1.707070707070707,169,98
197.0,199,2782.4655,0.010050251256281407,0.011446755417177,0.013740458015267175,9.365671641791044,0.5137627346119006,0.007155925059632709,0.007005395891711633,0.022359371019661425,489.85585585585585,0,0,22.31051365693014,5.90990990990991,1.9189189189189189,213,110
199.0,199,2788.612632,0.0,0.011420740063956145,0.0,9.399253731343284,0.5086108470771654,0.007116368803502732,0.007035500976190201,0.02225020505770497,509.37931034482756,0,0,22.530477148987934,5.939655172413793,1.8448275862068966,214,115
199.0,199,2794.508291,0.0,0.011394842694196607,0.0,9.42910447761194,0.508125412650214,0.007007837713231904,0.0070885200553250345,0.02210696173351775,506.9010989010989,0,0,22.173397652650635,5.9010989010989015,1.8461538461538463,168,90
199.0,199,2801.097323,0.0,0.011369062507105664,0.0,9.376865671641792,0.510130754772426,0.00717579548982854,0.007198794834347221,0.022171368116008693,509.20338983050846,0,0,22.194327316028524,5.891666666666667,1.8305084745762712,216,117
197.0,199,2807.645667,0.010050251256281407,0.01136608550653947,0.007159904534606206,9.414179104477611,0.5060110887694016,0.00711368121529212,0.007125154894671623,0.02201799072926706,527.1964285714286,0,0,22.19392442337929,5.9375,1.8660714285714286,209,111
196.0,199,2813.808549,0.01507537688442211,0.011374439766399565,0.017699115044247787,9.5,0.5035596008640143,0.007086271636596758,0.007143511310559575,0.021831211649418446,519.54,0,0,22.231361655217807,5.93,2.08,208,99
196.0,199,2819.892876,0.01507537688442211,0.011382756479024335,0.022673964034401875,9.455223880597014,0.5051351721721979,0.007161785534792343,0.00717320784027048,0.021987938045415087,496.6320754716981,0,0,22.361113529710344,5.90566037735849,1.8396226415094339,195,105
198.0,199,2825.910869,0.005025125628140704,0.011368501701331772,0.007429420505200594,9.436567164179104,0.505740124582015,0.007248193649852985,0.00725959018074898,0.021961115036582865,488.04761904761904,0,0,22.474753004282242,5.89622641509434,1.7619047619047619,185,104
196.0,199,2831.944693,0.01507537688442211,0.01137679448697627,0.022935779816513763,9.511194029850746,0.500868968348536,0.007323008346410134,0.007175183643765209,0.02187805599144891,496.95098039215685,0,0,22.16574456891385,5.894230769230769,1.8529411764705883,189,101
192.0,199,2838.017529,0.035175879396984924,0.01142991744436468,0.05142857142857143,9.593283582089553,0.49817600980129756,0.00723897701227676,0.0071822452175097015,0.021739623754737106,468.54901960784315,0,0,22.613675094670302,5.902912621359223,1.8431372549019607,188,101
194.0,199,2843.921176,0.02512562814070352,0.011460420140793052,0.03135048231511254,9.492537313432836,0.4997000355795453,0.007245720496331854,0.007223077619780817,0.02168055429761797,498.625,0,0,22.269777251268035,5.914285714285715,1.8846153846153846,196,103
195.0,199,2850.041518,0.020100502512562814,0.011479620323841429,0.02718589272593681,9.48134328358209,0.5014507936795458,0.007263648995176395,0.007274945494391288,0.021790946985529185,503.7837837837838,0,0,22.129076051019954,5.893805309734513,1.9189189189189189,213,110
196.0,199,2856.197198,0.01507537688442211,0.011487593176525644,0.0195160031225605,9.444029850746269,0.504600364661223,0.007349045863907393,0.00723633043654685,0.02188933599341742,472.23636363636365,0,0,22.655565854549604,5.927272727272728,1.809090909090909,199,109
197.0,199,2861.898505,0.010050251256281407,0.011484413216525104,0.014504431909750202,9.694029850746269,0.49599857247485896,0.007130325250798507,0.007175311529983355,0.021638400287912186,509.58,0,0,22.055529452871234,5.91,1.91,191,99
192.0,199,2867.999681,0.035175879396984924,0.011536712258866074,0.045112781954887216,9.597014925373134,0.4968879823638559,0.007002738250213225,0.007159850967365444,0.021378551869641334,510.39622641509436,0,0,22.19099518695846,5.87037037037037,1.7264150943396226,183,105
194.0,199,2874.256338,0.02512562814070352,0.011566643791645452,0.037065637065637064,9.511194029850746,0.5007976030554834,0.006920337730397975,0.007189088710219256,0.02119773353340351,469.1818181818182,0,0,22.308294401756555,5.918918918918919,1.8363636363636364,202,109
196.0,199,2880.927639,0.01507537688442211,0.011574355292948257,0.016522988505747127,9.574626865671641,0.4982829385254228,0.007005743145098215,0.007162171221703278,0.02125187155020224,505.203125,0,0,22.59574888268139,5.930232558139535,1.859375,238,127
195.0,199,2886.615466,0.020100502512562814,0.011593052984219343,0.033277870216306155,9.5,0.49995058825236327,0.007012810364242472,0.0071131526429041286,0.021116475087242036,480.2277227722772,0,0,22.522288512047567,5.920792079207921,1.801980198019802,182,100
197.0,199,2892.444101,0.010050251256281407,0.011589677050460179,0.01331245105716523,9.332089552238806,0.5063161019992845,0.007041940149071087,0.00700856602514184,0.021036822783401937,486.53465346534654,0,0,22.60851659112334,5.930693069306931,1.900990099009901,192,100
199.0,199,2898.980301,0.0,0.011564372078734283,0.0,9.238805970149254,0.5108003408402851,0.0069930846163238575,0.007026385019258733,0.02114575586364595,495.8695652173913,0,0,22.227486967054965,5.939130434782609,1.826086956521739,210,114
198.0,199,2905.216852,0.005025125628140704,0.01155012535444105,0.008148148148148147,9.25,0.5066390127736737,0.006966672942948597,0.007033127692801843,0.02124336836975423,517.362831858407,0,0,21.89293628768616,5.843478260869565,1.823008849557522,206,112
199.0,199,2911.612787,0.0,0.011525016386279223,0.0,9.138059701492537,0.5107237584580521,0.006973454457043078,0.006984505890413987,0.02125190637225648,490.60185185185185,0,0,22.295640023857107,5.89908256880734,1.8888888888888888,204,107
196.0,199,2917.296079,0.01507537688442211,0.011532717819030074,0.02042360060514372,9.208955223880597,0.5072724014528693,0.006892216757460135,0.006859134117024327,0.021150834785293664,529.0729166666666,0,0,21.72786914063897,5.90625,1.8333333333333333,176,95
199.0,199,2923.368829,0.0,0.011507755226348192,0.0,9.17910447761194,0.5112557247464212,0.006822108031381697,0.006767091031128619,0.02112652809718203,474.659793814433,0,0,22.507800786682285,5.938144329896907,1.824742268041237,177,96
199.0,199,2929.434475,0.0,0.011482900463440311,0.0,9.085820895522389,0.512351201878344,0.006796223100570926,0.006862099253403601,0.021025472112428636,495.18095238095236,0,0,22.52020918717096,5.914285714285715,1.723809523809524,181,104
198.0,199,2935.831552,0.005025125628140704,0.011468982845260788,0.006130268199233717,9.134328358208956,0.5169982962438184,0.00685816954797432,0.006781480751111987,0.020826486119327768,490.9449541284404,0,0,22.57530280290709,5.935779816513762,1.8807339449541285,205,108
197.0,199,2942.16689,0.010050251256281407,0.011465931809585562,0.006880733944954129,9.055970149253731,0.5199630191146222,0.006952719322219186,0.0067996720415414045,0.020508335610822628,489.8532110091743,0,0,22.560399687413867,5.909090909090909,1.81651376146789,198,108
194.0,199,2948.503113,0.02512562814070352,0.01149524446265663,0.026676279740447006,8.992537313432836,0.5211299575260893,0.006905278774722098,0.006948914027642933,0.020366754300799615,463.8909090909091,0,0,22.482193563605843,5.9363636363636365,1.8727272727272728,206,109
195.0,199,2954.438543,0.020100502512562814,0.011513671139423025,0.023791250959324637,9.100746268656716,0.5189814528027993,0.0069123922319951235,0.007032134459635984,0.020279979099538447,497.4766355140187,0,0,22.234900318397546,5.89908256880734,1.7102803738317758,183,106
196.0,199,2960.658269,0.01507537688442211,0.011521281621784134,0.02,9.10820895522388,0.5189581399778719,0.006756463176189441,0.007038887681946556,0.020399739300456222,482.1792452830189,0,0,22.337166506842976,5.906542056074766,1.820754716981132,193,105
198.0,199,2966.822065,0.005025125628140704,0.01150743054290643,0.008647798742138365,9.279850746268657,0.5118696741930063,0.006644410240846322,0.00705629864076828,0.02041015413297492,538.2844036697247,0,0,22.15603108806681,5.91743119266055,1.7339449541284404,189,108
190.0,199,2973.256554,0.04522613065326633,0.011579172458034855,0.06676557863501484,9.444029850746269,0.5091788828941815,0.006630754586362063,0.006966078227760471,0.02033575631706473,491.6981132075472,0,0,22.543438918421163,5.9245283018867925,1.8679245283018868,198,105
193.0,199,2979.866698,0.03015075376884422,0.011618602566975002,0.03537214443625645,9.436567164179104,0.5098936166640414,0.006670912446972723,0.007027126218413014,0.02036895111235846,500.5877192982456,0,0,22.234374338939404,5.921052631578948,1.8859649122807018,215,113
199.0,199,2985.973885,0.0,0.011593986883570395,0.0,9.376865671641792,0.5118198016933653,0.0067104696251615685,0.006958207669108143,0.02018526497199483,508.07547169811323,0,0,22.377517016785962,5.943396226415095,1.9811320754716981,210,105
198.0,199,2992.103872,0.005025125628140704,0.011580099227639253,0.005247376311844078,9.354477611940299,0.5127316348705752,0.006749930136073432,0.006954147767578839,0.02033577677938047,529.2454545454545,0,0,21.809826075976588,5.866071428571429,1.8545454545454545,204,109
197.0,199,2998.268243,0.010050251256281407,0.011576871700273519,0.01700404858299595,9.335820895522389,0.5130974057573415,0.006714216764090739,0.007003807582989221,0.020249906151123504,498.6990291262136,0,0,22.350514854875414,5.932038834951456,1.883495145631068,194,102
196.0,199,3004.053261,0.01507537688442211,0.011584236974345411,0.019246861924686193,9.291044776119403,0.5107466451695659,0.006732240905052927,0.006978411876143892,0.020367972086352496,511.0,0,0,22.232796165640156,5.8979591836734695,1.8571428571428572,182,97
191.0,199,3010.190316,0.04020100502512563,0.011644356234956294,0.04938271604938271,9.373134328358208,0.5087252943814805,0.00673986883424836,0.006889406336117579,0.020208925252611566,497.0980392156863,0,0,22.390995802777102,5.931372549019608,1.8235294117647058,186,101
192.0,199,3016.292234,0.035175879396984924,0.01169368856862931,0.051053484602917344,9.361940298507463,0.5081597710196843,0.00672607499946703,0.006896625237171424,0.020391412795531583,491.15686274509807,0,0,22.16646103443359,5.931372549019608,1.7352941176470589,177,101
197.0,199,3022.784007,0.010050251256281407,0.011690250415256197,0.014781966001478197,9.324626865671641,0.504135604067169,0.006765165778472732,0.00702045505313208,0.02025294912297497,491.6166666666667,0,0,22.574012445194114,5.900826446280992,1.825,219,119
194.0,199,3028.814803,0.02512562814070352,0.01171829922052853,0.03757225433526012,9.264925373134329,0.5077468435753535,0.006793694602197336,0.007048458149779736,0.020158165702457407,472.63963963963965,0,0,22.261890310741684,5.894736842105263,1.7837837837837838,198,110
199.0,199,3034.618948,0.0,0.011693886097152429,0.0,9.294776119402986,0.5110534196576104,0.00677937375534935,0.006853523155798483,0.020168636922164314,468.14018691588785,0,0,22.460417314935725,5.916666666666667,1.7570093457943925,188,106
195.0,199,3040.606463,0.020100502512562814,0.01171136347015744,0.028662420382165606,9.246268656716419,0.508584618325317,0.006754828275140329,0.0068393957652829315,0.020127062653939258,503.4166666666667,0,0,22.27609372483401,5.935185185185185,1.7222222222222223,186,107
194.0,199,3047.225836,0.02512562814070352,0.011739193894785128,0.039304610733182165,9.223880597014926,0.509514857793217,0.006772651989070923,0.006793750593398247,0.020286308060721785,486.77272727272725,0,0,22.332428448443583,5.9363636363636365,1.8,198,109
196.0,199,3053.395047,0.01507537688442211,0.011746101105943797,0.024962178517397883,9.164179104477611,0.5102286360332585,0.006800787459600585,0.006821842529134953,0.02023392182252682,502.1981981981982,0,0,22.144877489190307,5.900900900900901,1.8018018018018018,200,110
199.0,199,3059.301441,0.0,0.011721832302005897,0.0,9.197761194029852,0.5123577138397272,0.006660503424801446,0.006797075261587595,0.020107576585283858,496.3119266055046,0,0,22.300446506582084,5.935779816513762,1.908256880733945,208,108
198.0,199,3065.264125,0.005025125628140704,0.011708024659379371,0.006092916984006093,9.242537313432836,0.5094054704214164,0.006699096303440757,0.006772482334933848,0.020149707504245905,529.8849557522124,0,0,22.20333200289368,5.929203539823009,1.991150442477876,225,112
196.0,199,3071.051673,0.01507537688442211,0.011714953367661351,0.015151515151515152,9.123134328358208,0.5126194101380481,0.0067062836098847065,0.006748132493565734,0.02018162415517566,441.44329896907215,0,0,22.650221110255025,5.918367346938775,1.8350515463917525,178,96
196.0,199,3077.090083,0.01507537688442211,0.011721853621289198,0.02562111801242236,9.130597014925373,0.5091754714096145,0.006462862035122889,0.006692559878051327,0.020088120445196183,472.77669902912623,0,0,22.606444273465556,5.912621359223301,1.8932038834951457,195,102
194.0,199,3083.133885,0.02512562814070352,0.01174932037235357,0.035932721712538224,9.111940298507463,0.512275702652974,0.006512316092193556,0.006606093443921143,0.02019338973867378,481.6981132075472,0,0,22.23882013866457,5.88785046728972,1.7830188679245282,189,105
190.0,199,3089.365081,0.04522613065326633,0.011817780107079364,0.06703470031545741,9.059701492537313,0.5147392876105141,0.00636426031072565,0.0065826417919760405,0.020205486574738463,486.47058823529414,0,0,22.133213297353993,5.9411764705882355,1.7450980392156863,178,101
198.0,199,3095.893448,0.005025125628140704,0.011803917546918265,0.0029542097488921715,9.048507462686567,0.5171734242607771,0.006413449564134496,0.006558738065587381,0.020153590701535908,495.05785123966945,0,0,22.502006859839454,5.950413223140496,1.9008264462809918,230,120
198.0,199,3102.092077,0.005025125628140704,0.011790111453397333,0.008836524300441826,9.10820895522388,0.5166790444852732,0.0064313676753868145,0.006493506493506494,0.020132977070776114,508.4824561403509,0,0,22.220577677701126,5.878260869565217,1.8245614035087718,208,113
194.0,199,3108.021931,0.02512562814070352,0.01181721616211137,0.02975724353954581,9.037313432835822,0.5159308737523478,0.006418471969571689,0.006511493302464031,0.020020257979163222,507.53846153846155,0,0,22.058888510859287,5.895238095238096,1.9615384615384615,204,103
189.0,199,3114.021545,0.05025125628140704,0.011895175675537934,0.072768192048012,9.078358208955224,0.5138134044618887,0.0065091137908624835,0.006323433841202381,0.020074065668808865,497.09090909090907,0,0,22.459740120234123,5.91919191919192,1.8686868686868687,185,98
197.0,199,3120.259241,0.010050251256281407,0.011891441010721624,0.012830188679245283,9.029850746268657,0.5136321828908202,0.006423850604294921,0.00638267207478021,0.02005394387366427,494.05454545454546,0,0,22.2321204769568,5.9363636363636365,1.9454545454545455,214,109
197.0,199,3126.197009,0.010050251256281407,0.011887721435460128,0.009976976208749041,9.186567164179104,0.5123077631698141,0.006369753942569476,0.006164278008938203,0.019633225458468177,521.4791666666666,0,0,22.109076878240348,5.887755102040816,1.9479166666666667,187,95
199.0,199,3132.359239,0.0,0.011863754255146701,0.0,9.294776119402986,0.5078835177124275,0.006325999138761868,0.0061722066151290835,0.019664937355178706,504.9590163934426,0,0,22.126634666797948,5.88,1.8934426229508197,231,121
198.0,199,3138.791749,0.005025125628140704,0.011849994438995783,0.009022556390977444,9.104477611940299,0.5129963433464988,0.006425735685343593,0.006036917284001146,0.019666025457373226,487.4298245614035,0,0,22.51201134462196,5.9298245614035086,1.7543859649122806,200,113
196.0,199,3144.687299,0.01507537688442211,0.011856471110572945,0.013676588897827836,9.309701492537313,0.5080855855791592,0.006269912588840781,0.006167796748631648,0.019585818152111755,551.1578947368421,0,0,22.11968429517026,5.895833333333333,1.8842105263157896,179,94
196.0,199,3150.602455,0.01507537688442211,0.01186292182354659,0.02768729641693811,9.35820895522388,0.5028724462664909,0.006277770983653337,0.006084138437079613,0.019699563817210875,531.3168316831683,0,0,21.942565264454224,5.910891089108911,1.8613861386138615,188,100
195.0,199,3156.420412,0.020100502512562814,0.011879396984924623,0.03180212014134275,9.462686567164178,0.503551911077997,0.006194123211179935,0.006092413470438064,0.019528270222439203,500.92045454545456,0,0,22.191722750992223,5.920454545454546,1.8636363636363635,164,87
